0.492157 5.2787 8.13075 0.0594461 2830.49 0.00796698 5403.93
0.254261 6.21466 5.64133 0.137279 8589.44 0.0605866 5328.04
0.61181 2.12527 2.66752 0.682986 16023.2 0.244465 5298.09
0.329526 6.64443 3.23228 0.0645336 3271.57 0.00370706 5357.89
0.453918 0.725017 2.2667 0.0204448 5060.04 0.0118891 5469.6
0.632765 7.20247 5.47081 0.103779 2624.31 0.00321833 5368.37
0.55173 2.58517 3.31486 0.0875127 5886.42 0.00114462 5332.86
0.226205 3.95329 3.0092 0.170618 14169.8 0.0680256 5383.72
1.25053 2.32437 4.85666 0.307615 3742.12 0.0091844 5316.7
0.203561 7.48081 5.6428 0.15756 8886.16 0.139702 5357.66
0.902457 8.92332 3.73403 0.128134 2800.21 0.00345576 5329.86
0.809064 8.06448 1.9884 0.146427 7310.81 0.0608785 5394.17
0.283191 9.94089 1.29692 0.106313 5535.92 0.00284863 5366.38
1.6299 2.36646 0.872604 1.47573 8659.11 0.0832172 5344.32
0.256242 5.18671 8.14047 0.298429 9052.15 0.0508533 5372.21
0.343263 6.3779 9.73281 0.329048 8852.98 0.0327899 5400.04
1.07664 1.5162 6.77887 0.255654 2727.1 0.00111465 5375.59
0.395368 0.707997 6.10402 0.259551 11266.2 0.0082471 5384.1
0.51033 7.86537 4.56359 0.0738832 4117.42 0.013945 5373.38
0.405656 1.7653 5.18873 0.00148058 3604.77 0.00364024 5384.61
0.464107 4.6494 9.70431 0.0400577 4970.02 0.0197422 5395.59
0.441323 9.91916 7.82123 0.112666 5133.79 0.0173054 5349.64
0.369681 3.7298 3.18748 0.32624 14043.1 0.0586831 5317.89
0.683299 6.94309 0.758181 0.148764 4200.13 0.0230941 5368.28
0.574982 0.499058 5.21896 0.18647 11520.9 0.0783524 5358.87
1.12803 2.82851 1.0263 0.71188 8774.86 0.0314157 5406.85
0.849914 3.44537 1.34334 0.350171 7089.11 0.100083 5347.71
0.464615 5.96844 7.8078 0.053048 4788.18 0.00527213 5360.81
1.64892 9.25799 9.13347 0.031752 1491.19 0.000665366 5311.67
0.406352 1.8585 7.2224 0.0938044 2574.9 0.00385467 5377.07
0.449202 3.75155 7.79721 0.00152411 2480.81 0.00203723 5393.89
0.503325 7.00823 8.89639 0.0621107 2514.78 0.00125996 5353.02
0.740164 7.81582 9.6392 0.00996653 3609.33 0.00358129 5382.08
0.612732 7.10078 1.1259 0.231586 4009.77 0.00512495 5365.94
1.63324 3.83012 0.569242 0.298268 6418.63 0.0448436 5387.41
0.284141 4.98381 3.22633 0.0508853 3949.68 0.0279431 5419.54
0.250357 6.56536 6.62593 0.0158823 6269.07 0.0261271 5371.37
0.573835 6.35426 8.96896 0.0319497 1217.45 0.00198135 5388.39
0.337252 8.4029 3.55035 0.147077 5219.74 0.0208128 5331.42
0.425703 5.15123 4.35167 0.0830618 5655.86 0.0312945 5373.33
0.339592 0.823726 8.66013 0.30327 11310.5 0.0048471 5385.77
0.34512 5.97687 0.480583 0.11056 4400.5 0.00627184 5355.33
1.1893 1.85072 0.699451 0.804483 7923.48 0.0630316 5416.31
0.43398 1.87363 9.94388 0.0334604 2508.71 0.00142113 5349.15
0.234936 3.92433 6.2621 0.0714303 4870.64 0.0281428 5339
0.227063 2.03092 4.51917 0.0188637 13528.6 0.0334631 5348.61
0.583852 0.65192 1.76198 0.136919 9519.79 0.0734651 5337.9
0.605193 2.90078 4.41322 0.0359003 885.309 0.000637002 5383.85
1.62495 1.01547 6.47861 0.0693372 3207.3 0.00553615 5316.68
0.764219 5.50908 2.95083 0.477346 10775.4 0.204198 5363.5
1.05311 1.68491 1.30132 0.806923 16075.2 0.077241 5377.16
0.455152 1.54272 0.828883 0.422391 7627.67 0.0366768 5373.97
0.32892 9.04925 5.89811 0.00460995 2745.61 0.00890443 5361.07
1.18075 5.04763 4.2174 0.031502 1397.64 0.00011489 5381.38
0.391214 9.51927 7.14799 0.158672 3922.75 0.00203425 5362.45
2.11743 1.10903 0.83541 0.339662 4975.05 0.0122446 5366.41
0.587619 7.73757 0.545587 0.171115 3065.18 0.00671121 5363.37
0.215947 5.7706 2.72045 0.00750107 3400.62 0.0122155 5383.82
0.348364 4.47182 7.13769 0.0438727 2296 1.72036e-05 5409.19
2.39528 2.59177 1.36588 0.878769 5188.49 0.0195748 5378.28
0.429022 3.53386 5.34767 0.0168246 4313.68 0.00229228 5405.99
0.597668 8.34845 3.28552 0.0866534 3310.16 0.00342009 5373.56
0.31564 6.45201 3.56165 0.19508 11801.5 0.0184655 5412.38
0.459222 5.39743 2.09 0.192217 12379.1 0.150597 5369.82
0.207295 4.53839 6.79202 0.0849345 18949.8 0.0165062 5307
0.347523 3.49148 1.02266 0.0363675 14303.3 0.0770626 5321.19
1.21189 2.45658 0.857052 0.866977 9416.7 0.0807233 5340.29
0.994346 2.18758 0.648807 0.0508568 13028.3 0.109546 5330.78
0.664407 5.66051 6.79678 0.100762 1819.62 0.000857141 5356.11
0.282055 5.88738 5.57035 0.0864108 2857.36 0.0109927 5380.67
0.378978 4.99862 9.20001 0.0086823 5028.54 0.00383636 5338.41
0.248912 6.5395 2.08641 0.200577 8178.01 0.0296269 5336.84
1.2665 2.52664 0.69259 0.273858 8256.89 0.0483604 5404.24
0.273428 2.63679 8.78479 0.0142903 967.024 0.000771848 5378.69
0.599769 9.00224 9.67186 0.0967034 2906.66 0.00345779 5395.34
0.868979 1.43816 6.10837 0.19293 2519.93 0.00572416 5382.91
1.21386 0.790007 6.7108 0.590338 4866.7 0.00856948 5341.24
0.411092 5.84633 2.02567 0.192161 9911.69 0.0437049 5409.27
0.473696 2.79313 4.31754 0.0387424 2640.92 0.00857347 5345.74
0.373004 5.20557 9.26402 0.02108 1597.02 0.000151746 5368.99
0.240119 5.06789 7.72094 0.0416434 2700.21 0.000870097 5383.13
0.748091 3.41761 4.24483 0.126891 6181.97 0.0379842 5383.28
0.321276 3.18159 9.75361 0.00216728 6028.84 0.0342939 5388.86
1.2809 7.74556 3.68661 0.0691808 1195.76 0.000890881 5405.45
2.50161 1.59412 0.822937 0.0594846 4966.91 0.0194684 5376.59
0.535015 3.03249 7.55011 0.000197765 2484.05 0.00427289 5400.15
0.427005 2.33859 2.33491 0.480149 11634.2 0.101068 5314.51
1.17531 6.9434 7.08069 0.0991758 1150.07 0.00148189 5381.64
0.389262 8.46486 8.32548 0.0051202 744.602 0.000276738 5358.21
0.796736 1.66785 1.9232 0.0229025 9302.22 0.0820297 5361.97
0.21691 2.44429 3.3161 0.0360179 9113.05 0.014396 5399.73
1.06705 6.00262 6.10088 0.108459 3310.54 0.0103538 5343.8
0.24763 3.1325 8.73793 0.0296402 4294.63 0.0108833 5346.6
0.434699 3.2448 7.17719 0.0232416 2204.57 0.00531675 5338.35
0.685411 0.674853 2.67156 0.131252 4626.02 0.0127517 5341.48
0.483787 2.55457 2.49791 0.148008 4200.62 0.00725455 5370.98
0.22119 4.24009 5.39732 0.00279637 2037.65 0.00476284 5361.18
0.367674 9.63882 8.85813 0.0887978 2255.12 0.00223735 5419.29
1.79496 1.66127 0.57377 0.0932197 6380.22 0.0411043 5354.84
0.808537 9.91919 2.59443 0.00832747 2792.49 0.00718379 5384.1
0.509942 5.9462 0.999113 0.0286943 8465.56 0.0196692 5388.2
0.624027 1.07346 0.567721 0.548616 12687.7 0.0800877 5326.89
0.408193 5.25219 2.36787 0.0791155 6281.39 0.00735387 5350.06
0.243359 6.61855 3.53648 0.0453271 14475.3 0.0230863 5369.97
0.526419 3.00726 0.638856 0.0549185 13190.7 0.148246 5370.8
1.1196 1.68829 7.32393 0.280834 5515.57 0.0312899 5341.43
0.799183 6.49363 9.44448 0.0403095 2835.3 0.00855642 5359.42
0.279744 2.57923 9.03549 0.01203 3011.9 0.00809991 5378.18
0.302516 5.46874 6.01589 0.0427385 4334.63 0.0301436 5363.62
0.855644 2.85591 5.26209 0.0107924 1000.27 0.00158119 5393.67
0.564713 5.393 2.29094 0.0717171 6995.44 0.066915 5384.39
0.957453 0.100323 3.33512 0.675566 15183.4 0.155411 5384.24
0.240709 7.22194 5.8701 0.00590583 6066.77 0.0524509 5357.74
0.799031 1.92032 3.82446 0.101612 1666.78 0.00294645 5369.83
0.54015 5.71248 5.66283 0.0140613 3795.01 0.000834908 5383.36
0.550141 5.6445 4.00903 0.0677193 2286.54 0.000101642 5387.13
0.620502 9.03094 4.70426 0.18206 2323.8 0.00531646 5387.86
0.26038 9.52231 2.19434 0.0544199 2239.98 0.000963634 5338.31
0.395658 9.91329 9.71493 0.107168 2030.07 0.000217065 5365.01
1.52346 6.03706 0.567333 0.15693 1665.95 0.000164525 5343.73
0.29486 3.4261 6.63322 0.0390923 3933.35 0.00840312 5340.17
0.648159 5.16491 3.01911 0.0794371 5279.3 0.0084679 5371.92
0.884665 4.9029 3.11523 0.017347 3520.85 0.00412954 5330.81
0.206668 7.44489 4.10264 0.050245 1539.09 0.00151158 5343.36
0.432189 5.72338 9.06726 0.110025 7500.92 0.062531 5430.75
0.389568 5.42751 9.69133 0.0261985 1893.33 0.000824508 5374.33
0.351041 5.35509 2.92978 0.0324152 5772.95 0.0435644 5332.16
0.497763 1.86104 1.22969 0.324213 8305.72 0.0172979 5331.19
0.232492 3.77441 9.89254 0.0800227 5812.35 0.0447227 5387.99
0.791436 4.72038 1.60673 0.305323 6529.55 0.0536006 5328.51
0.88455 0.49508 8.4508 0.0455477 2037.76 0.000141643 5358.85
0.619228 3.49131 4.31621 0.03406 4383.63 0.000142151 5422.09
0.484147 1.93122 0.919391 0.238784 14111.5 0.10961 5402.93
0.286299 5.76331 9.17019 0.0134296 991.344 0.000468306 5358.3
1.46697 0.875302 0.157427 0.258355 7987.86 0.0325334 5339.01
1.07266 4.55236 3.24022 0.0691434 1303.64 0.00231641 5334.26
0.649561 4.4112 1.13899 0.305617 12781.4 0.321094 5353.74
0.98663 0.405023 0.624436 0.48121 6197.73 0.0187767 5393.87
0.673655 7.54971 6.41253 0.0301997 1449.95 0.000982835 5377.43
0.314444 0.487829 5.86864 0.0751647 8927.2 0.0191132 5358.22
0.207663 7.39244 7.93415 0.0314617 1085 0.00212177 5339.57
0.39724 0.986589 6.34864 0.100905 5382.46 0.013359 5381.33
0.603139 5.84236 7.26868 0.0446996 3197.34 0.00314728 5399.06
0.531228 1.12754 8.62719 0.0767804 4009.12 0.00527763 5330.28
0.258977 9.72298 8.08612 0.107349 7795.15 0.066728 5363.38
0.389618 1.27368 7.72077 0.0157749 3574.61 0.0110269 5325.13
0.643729 3.28477 6.36179 0.0238454 7404.48 0.00699979 5365.58
0.208431 7.31945 7.78788 0.00452101 2984.83 0.0116608 5284.14
0.370103 8.3315 5.07091 0.0153714 4625.48 0.0239519 5395.67
1.79116 0.439785 0.860904 0.433317 6476.06 0.0509717 5353.14
0.833399 5.8192 3.37303 0.0211375 3131.15 0.00746161 5420.62
0.313758 1.29309 6.87082 0.0288323 1633.77 0.00107361 5327.13
1.69672 0.529625 1.09264 0.606759 6183.28 0.0353408 5387.35
0.74113 3.95018 2.43288 0.0990129 7527.12 0.0666784 5371.47
0.271849 9.51873 3.69725 0.0120607 2192.65 0.00164453 5389.91
0.28122 2.74452 7.65944 0.0930748 3581.54 0.00590692 5369.1
0.988843 0.317902 6.01078 0.0101521 1408.02 0.00213192 5377.25
0.829293 2.17395 5.02899 0.197946 5935.51 0.00706642 5421.06
0.834094 2.98871 0.722049 0.256839 5636.2 0.0336391 5393.53
0.697395 1.66061 1.98818 0.128373 6250.66 0.00138381 5372.12
0.536959 0.76806 0.634607 0.624975 14386.7 0.10785 5365.17
0.764909 7.59813 3.00243 0.0417819 1991.46 0.00055533 5349.31
1.01861 2.21737 7.96161 0.183968 4336.5 0.0227491 5362.9
0.364344 9.0828 8.60339 0.0713098 3740.66 0.00356633 5327.01
0.857861 3.65043 6.26535 0.0177598 1037.57 0.00157609 5355.54
0.928276 2.78687 1.80801 0.0819529 7861.74 0.0556881 5347.15
0.559012 2.96282 3.50044 0.1305 2922.34 0.00234805 5374.06
0.416209 7.90841 3.75025 0.0427751 5921.53 0.00864857 5410.33
0.404549 8.92341 1.21136 0.0184876 3354.24 0.00767425 5315.29
0.453764 1.55525 4.76855 0.049898 4829.76 0.0286136 5429.31
1.26819 5.53834 1.80025 0.152138 5360.03 0.0090575 5394.06
0.649144 0.0057937 2.13037 0.799053 19523.5 0.321353 5363.72
0.231399 8.24672 6.93336 0.0828745 12298.7 0.0385508 5387.61
0.679773 6.54632 9.17229 0.00611236 1630.02 0.000906744 5301.4
0.53152 3.36733 5.36024 0.235526 4366.83 0.0205288 5404.56
0.229755 9.18218 2.77009 0.00579704 528.035 0.00131296 5366.19
1.03697 2.24856 2.7793 0.148396 7160.15 0.0275215 5383.87
0.609455 1.87209 4.54323 0.033448 2653.67 0.00238562 5384.34
0.365791 1.85141 4.92647 0.0871498 3136.62 0.00196716 5390.23
0.479937 2.69584 1.56383 0.479189 16968 0.0962103 5375.49
0.387884 3.73568 0.677135 0.0308375 2240.9 0.000790802 5342.81
1.59879 1.8912 0.756788 0.502148 3976.82 0.0122625 5361.2
1.4209 0.747494 2.22412 0.547201 9778.44 0.0500855 5359.77
0.361036 4.43989 0.470876 0.188439 7253.86 0.0228416 5303.16
1.82959 2.87016 0.247501 0.391121 6471.88 0.0283669 5328.67
0.868036 8.6314 4.45879 0.00333003 3098 0.00242924 5370
0.336621 2.07597 7.51628 0.0908204 8720.5 0.108695 5373.18
0.384668 1.24938 7.45107 0.0201461 1439.45 0.00272185 5395.72
0.325173 3.72618 9.12265 0.0602355 2878.32 0.00117275 5357.54
0.519296 9.54893 8.81415 0.0566782 3941.95 0.00992904 5340.68
0.200617 6.68296 9.09281 0.00327815 3891.54 0.00817305 5364.43
0.588993 3.01931 1.31209 0.0925226 7348.61 0.0942136 5378.61
1.44031 2.93403 8.0411 0.0525394 628.625 0.00126637 5391.99
1.3882 0.542855 0.917692 1.5458 10743.2 0.0514257 5323.51
1.33107 0.763829 0.60308 0.821686 11787.2 0.0533191 5361.65
0.203507 7.99098 8.68705 0.0418363 9523.4 0.0854662 5393.68
0.445014 4.64848 8.93813 0.0624814 3953.12 0.000334463 5370.82
0.354561 2.88517 4.94884 0.0860861 9760.56 0.00880972 5396.96
0.441628 9.38155 4.81952 0.0596906 3540 0.000991188 5377.52
0.261274 6.80756 7.66533 0.0336658 1232.36 0.000903109 5297.33
0.452445 1.25283 7.23105 0.0507141 3666.98 0.000241259 5328.56
0.621896 2.64557 3.96899 0.0609358 5767.98 0.00464322 5375.17
0.610747 3.20397 8.82855 0.399749 5973.81 0.00929415 5356.66
0.471512 2.22403 0.796298 0.254646 9639.4 0.0620531 5337.13
0.54583 4.67258 3.54831 0.0863471 3693.39 0.0120536 5381.61
0.329327 5.90703 5.18457 0.045331 3729.91 0.00415083 5389.4
0.864052 3.02233 0.634178 0.649241 7077.74 0.0360005 5338.9
0.48534 3.89677 7.4686 0.107928 3361.38 0.0158291 5342.47
0.205817 9.4531 8.32027 0.0392859 2766.6 0.00749973 5380.09
0.738424 6.30621 8.17973 0.203145 4413.11 0.0034027 5335.39
0.652034 1.73453 1.25411 0.071313 18842.7 0.0700407 5340.05
0.695177 7.62379 5.82356 0.283837 4742.09 0.00764288 5376.51
0.373448 5.3952 9.00182 0.037671 1361.06 0.000817807 5376.12
0.274655 8.67065 1.95235 0.0197921 6170.98 0.000465939 5368.39
0.211881 7.69697 7.7783 0.0104424 3702.1 0.00572812 5362.4
0.657918 1.40248 5.19401 0.253381 5556.98 1.4888e-05 5359.29
0.52243 8.93435 2.84175 0.00724594 5926.54 2.37571e-06 5376.39
0.487249 6.7183 9.5094 0.0173136 5602.46 0.050712 5383.27
0.259508 8.9357 7.0664 0.0159072 4196 0.00231215 5383.27
0.405867 2.80735 7.035 0.0118478 3821.1 0.00818069 5372.34
0.538661 7.99497 5.81226 0.00107112 4549.72 0.0133035 5292.6
0.26085 5.57943 3.77043 0.101455 7576.72 0.0135667 5408.46
1.39206 3.00934 1.52221 0.255021 4242.06 0.0109258 5381.67
1.07665 8.45392 4.98717 0.0222194 973.658 0.00133131 5348.93
0.478609 3.83797 8.0502 0.170055 6343.71 0.0112308 5350.62
1.14368 2.15571 1.22673 0.238351 4250.79 0.0095181 5377.41
1.23805 0.335453 3.18353 0.0482896 4807.08 0.0110633 5398.94
0.28445 5.126 5.1484 0.0204057 4373.38 0.00646402 5289.82
0.554969 1.72114 5.65416 0.0237565 4154.41 0.0130363 5409.82
0.268269 2.5615 8.76076 0.00811759 4438.55 0.0211703 5364.02
0.994177 5.02646 2.9227 0.0297336 5317.34 0.0296496 5366.19
1.50421 1.19155 2.51068 0.384452 3862.78 0.000906169 5325.62
0.269883 1.14944 2.99325 0.0723387 8608.63 0.0309288 5318.59
0.663999 2.07017 9.18991 0.139194 1388.23 0.00313005 5333.31
0.687531 3.71391 3.1865 0.253156 8845.3 0.0557067 5330.1
0.273551 6.21802 6.45513 0.082911 4835.84 0.00359527 5344.35
0.23872 6.55157 6.48539 0.0315642 3852.77 0.00348143 5391.89
0.45734 2.21425 1.07903 0.150378 8187.83 0.070478 5350.06
0.36306 8.41262 5.16336 0.245294 9105.92 0.0808453 5364.83
0.227547 4.54578 5.40708 0.0199053 4250.77 0.000721988 5375.24
0.575318 2.9084 9.11524 0.0227734 3425.61 0.00380128 5383.4
0.323146 3.25301 5.09851 0.044763 3600 0.00507341 5425.39
0.265855 8.20963 7.07782 0.00292525 2258.65 0.00554334 5345.85
1.10184 1.6369 0.360501 0.472272 15264.1 0.311541 5376.1
0.411709 8.40531 9.26796 0.129167 4334.97 0.00637509 5380.27
0.461423 5.63355 5.94076 0.0312935 1317.54 0.000509759 5330.94
0.308646 2.02305 4.42738 0.438032 15123.7 0.0364102 5381.61
0.210572 4.92137 9.59409 0.0167452 4008.56 0.00914814 5360.13
0.516743 9.59603 1.49532 0.0786249 5434.06 0.000956976 5344.34
0.243141 2.4591 6.4711 0.196379 14260.4 0.00437816 5335.27
0.520693 8.42964 8.80287 0.0313543 559.223 0.000758217 5368.26
0.71733 9.07549 5.89927 0.182182 6195.4 0.0450206 5402.48
0.216173 7.54404 8.18277 0.0396825 4965.23 0.00706769 5414.09
0.245171 4.93568 2.159 0.27969 16103.5 0.0111282 5348.58
0.395424 7.21384 7.4074 0.0706651 3950.59 0.00394772 5361.7
0.347265 3.04261 2.59437 0.0140386 746.821 4.73785e-05 5324.05
0.66409 3.0839 7.25252 0.13819 2593.68 0.00299624 5354.55
1.10852 1.36871 1.15704 0.833433 12905.9 0.0685106 5359.49
0.465368 8.40994 2.71488 0.264003 5657.84 0.0993849 5400.1
0.482621 2.71948 5.35209 0.0343828 5421.09 0.00431634 5398.31
0.272852 7.90193 8.79778 0.0509652 4181.65 0.010558 5365.07
0.503551 2.4064 0.551854 0.372134 19623.7 0.279185 5444.26
0.548922 2.97736 5.19234 0.234368 8319.9 0.0856547 5329.63
2.11555 1.76959 0.0979915 0.072987 6902.07 0.0132884 5361.31
0.611718 1.02562 6.78672 0.034842 3925.6 0.0032007 5362.5
0.728099 0.0853454 1.08813 0.0417622 12531.4 0.068609 5403.03
0.386549 4.02202 9.20987 0.0294205 1920.06 0.00341878 5370.66
0.524019 7.01981 4.72393 0.0334177 1854.4 0.00135608 5422.02
1.18331 0.677371 1.04923 0.187466 7877.03 0.0237321 5361.37
0.644583 2.25075 7.20412 0.0589666 3140.17 0.0302409 5385.26
0.547439 6.56698 1.9126 0.27179 10886.9 0.0860018 5401.01
1.51293 1.23462 0.715523 0.165974 5402.16 0.015141 5404.04
1.72318 0.331413 0.134573 2.34096 14957.5 0.0315207 5354.38
0.34309 0.845741 5.00382 0.0250629 2714.12 0.00431953 5355.49
0.819658 2.7203 1.98819 1.18692 14405.1 0.0265167 5344.88
0.411157 9.2438 8.41569 0.063454 2979.94 0.00800259 5309.17
0.570498 4.60981 3.61885 0.144113 6178.74 0.00232457 5298.2
0.940826 5.54384 5.19206 0.0109207 4866.99 0.0102313 5389.86
1.07208 3.90978 4.84305 0.153916 1726.08 0.00190048 5383.95
0.246156 8.36151 2.74056 0.00325014 5274.93 0.0348235 5346.7
1.09422 1.51271 2.50299 0.656165 8959.54 0.127485 5312.83
0.53791 2.97828 0.20487 0.0169127 9931.68 0.113886 5347.55
0.633093 2.9332 6.91563 0.294222 5487.61 0.0110704 5388.66
0.50297 2.37863 6.35284 0.150187 3547.19 0.0212132 5365.73
0.471461 1.74335 3.81411 0.0262649 8491.37 0.0107918 5365.75
0.470242 9.14847 6.03944 0.112726 4282.6 0.0366708 5394.52
0.312303 2.52504 7.74996 0.0204883 4946.99 0.0575988 5363.19
0.81036 6.73007 7.32591 0.029916 4139.67 0.00536259 5343.69
0.972928 2.62998 4.52356 0.0932436 2814.95 0.00389777 5404.79
0.431866 6.56993 2.47161 0.00479968 852.832 0.00123067 5382.62
0.302201 4.30239 4.6372 0.0325899 1397.92 0.00291885 5392.41
0.201964 1.94251 6.2874 0.0360044 1617.73 0.000646854 5347.96
0.703349 1.87062 1.2846 0.977813 12037.2 0.00265542 5360.97
0.995728 4.73661 8.15273 0.0461185 689.48 0.00174298 5371.44
0.483617 4.17355 6.98061 0.0124968 1955.87 0.00125141 5398.15
0.542918 2.15716 0.969817 0.0891329 5410.8 0.00391044 5389.29
0.281634 6.76365 6.56911 0.0579476 5510.88 0.0274147 5348.98
0.772751 1.63597 3.80893 0.0536853 5721.29 0.0631902 5430.5
0.206977 3.90003 6.04425 0.0300546 5753.86 0.0592005 5356.02
0.378067 6.02261 4.92557 0.0142763 4786.53 0.0115249 5325.41
0.252753 8.77614 6.9819 0.0477897 2856.68 0.00153461 5394.73
0.782835 2.69607 1.24389 0.580388 8267.75 0.0114466 5387.5
0.250284 0.361964 7.15331 0.0337541 5585.01 0.0178222 5352.37
0.225076 3.71367 3.99703 0.000742495 11608.1 0.126916 5373.75
0.557949 3.26422 1.62876 0.102574 9728.06 0.0446282 5321.28
0.575625 2.18831 2.15697 0.172335 3755.97 0.00215967 5397.44
1.05535 0.572087 5.19878 0.370125 7268.86 0.0370814 5376.14
0.971679 2.21149 0.212129 0.211279 10438.1 0.033138 5428.31
0.46008 0.927294 3.77788 0.0951022 4089.66 0.0137289 5366.46
0.872431 9.11966 8.35926 0.076019 2470.9 0.00749494 5405.64
0.290413 9.26847 7.65706 0.00204295 3694.76 0.00543783 5316.86
0.270146 5.68109 6.09483 0.0613132 8804.16 0.000278758 5350.36
0.265494 0.402863 4.87243 0.0268933 6015.02 0.0146954 5364.88
0.656836 0.885165 4.28833 0.214487 6125.01 0.0103474 5402.92
0.207425 7.30683 9.34866 0.000557647 1583.64 0.00368577 5413.95
0.639735 9.9792 4.37967 0.00638786 1178.72 0.000187431 5320.12
0.385538 6.96626 3.90904 0.106037 9792.34 0.00953596 5343.47
0.40791 4.80474 8.03697 0.112266 5260.44 0.0361407 5407.73
1.09672 2.02209 1.32319 0.448432 10071 0.0233173 5359.45
0.50557 7.3419 1.46522 0.497289 11009.8 0.080159 5340.36
1.94649 1.07455 0.4754 0.196986 5359.09 0.0387492 5394.87
0.653868 2.70331 6.42884 0.122043 7338.6 0.00175952 5361.41
0.471091 7.56801 2.04459 0.0214251 3009.87 0.00220749 5420.19
0.465984 7.70118 5.99805 0.0431668 2431.33 0.00506047 5284.05
0.308708 7.58989 7.03173 0.0427861 3956.81 0.00896045 5380.19
0.717894 0.531043 1.81867 0.171746 5327.61 0.0252352 5354.43
1.26491 1.20343 2.3574 0.314372 9113.4 0.00075115 5375.92
0.264357 8.61221 7.85005 0.00932447 5896.46 0.0136961 5372.64
0.235104 6.7608 6.80546 0.0565135 5394.52 0.0177164 5381.43
0.271011 7.42429 8.00946 0.00560165 5013.59 0.0182234 5323.4
0.43668 4.19969 6.80795 0.122 6236.69 0.0410186 5323.66
0.651668 2.02951 1.83477 0.186512 8341.97 0.108608 5306.05
0.294921 4.30027 5.85273 0.0282693 3667.08 0.00204938 5390.62
0.499168 1.53017 5.24983 0.179982 11705.2 0.10746 5365.37
0.56928 8.77214 3.87042 0.0227107 1213.07 0.00265422 5337.64
0.609173 2.44002 7.15321 0.165358 5091.17 0.00198305 5324.35
0.758014 4.48757 3.48784 0.0310629 7204.43 0.0216499 5348.56
0.380983 6.13262 4.43208 0.0321692 927.298 0.00239468 5425
1.6942 3.11349 5.09866 0.152826 2302.95 0.000515065 5356.15
0.691856 6.94031 6.75805 0.0700748 1949.94 0.00325088 5351.51
0.382809 1.86568 2.68093 0.503194 12106.3 0.145245 5415.81
0.943972 6.0751 1.87446 0.105976 1391.08 0.00263679 5394.57
0.833817 0.541789 2.23019 0.0480171 13131.8 0.301019 5388.19
0.219595 8.17659 2.97785 0.0284468 1531.05 0.00161928 5318.66
0.369105 0.285586 1.38563 0.184957 11538.5 0.0912037 5327.86
0.306169 8.28343 2.18119 0.0167334 1952.34 0.00488941 5386.8
0.784909 2.07774 1.10072 0.0743627 12673.1 0.0881653 5367.7
0.347776 4.00387 8.18202 0.0605617 1865.06 0.000508643 5371.81
0.600986 2.56955 1.25401 0.0724259 16698.3 0.297188 5371.14
0.808112 0.574302 5.35273 0.577696 9995.43 0.099857 5325.65
0.285632 4.28359 8.29759 0.00718746 2141.39 0.00158983 5310.76
1.18495 4.12729 0.240667 0.321799 5857.51 0.00630701 5387.84
0.445945 9.26186 6.79504 0.0216256 5701.64 0.0104718 5337.83
0.421658 9.34992 3.60744 0.058695 4820.88 0.00249628 5366.58
0.231581 2.67651 9.87238 0.00997148 5179.39 0.00666564 5413.72
0.558773 2.07136 4.79012 0.351631 7159.51 0.0413673 5385.81
0.560327 7.59792 0.603622 0.0785469 4954.28 0.00345154 5333.85
0.300419 7.81741 2.2502 0.147777 7639.89 0.023081 5386.74
0.339353 3.17961 3.38538 0.0914729 11983.3 0.0553394 5388.05
0.550349 7.23219 3.4257 0.30402 6283.7 0.0108653 5363.7
0.729338 6.18504 2.07971 0.13519 3174.94 0.00303452 5371.63
0.355317 3.74307 6.93383 0.000973418 9656.56 0.0635484 5393.65
0.256566 8.87064 3.66696 0.0200048 3579.73 0.00127528 5387.77
0.656885 0.754363 4.55056 0.206372 15791 0.354903 5390.48
0.203146 9.76122 9.46906 0.0360541 2853.01 0.0167164 5334.21
0.619594 7.85721 5.23773 0.0476145 2131.37 0.00504014 5330.95
0.478418 6.35209 2.06034 0.162647 4594.83 0.00435487 5386.56
1.519 0.411717 1.07785 0.416055 16009.9 0.277432 5428.8
0.228486 5.86986 1.95476 0.0547895 8168.52 0.0200446 5345.64
0.725673 3.63863 2.44679 0.166838 4637.85 0.0293433 5342.12
1.05392 2.11457 9.64875 0.00661896 1611.85 0.000591487 5418.07
0.698933 1.172 3.34916 0.0769811 6886.31 0.0619112 5330.51
0.873323 4.46416 2.33189 0.136791 3732.34 0.0103663 5334.19
0.200541 4.37757 8.67587 0.0110065 670.025 0.000429414 5317.9
0.551379 3.53711 9.37559 0.380717 6138.48 0.0126305 5303.4
0.537723 4.20126 8.09565 0.0877802 1568.29 0.00319824 5356.04
0.345236 6.2392 6.24759 0.0390375 3732.56 0.0193601 5394.03
1.69451 2.39642 4.4186 0.661272 4052.9 0.0226209 5319.8
0.351284 5.439 1.6388 0.0297454 1856.92 0.00596021 5392.6
0.51459 4.92446 6.73745 0.049454 2037.33 0.00191865 5340.84
0.413857 4.93052 1.21783 0.0147431 6356.1 0.0672313 5383.89
0.603778 4.88047 1.42604 0.0179246 6655.81 0.0174348 5399.32
1.5164 1.76006 0.923529 0.289059 6024.98 0.0107807 5399.73
0.419955 5.01941 4.66453 0.0270148 2923.81 0.000161608 5347.41
0.533549 1.68528 0.478988 0.296442 7546.61 0.109033 5375.55
0.981188 3.17948 0.485564 0.184824 8877.25 0.0475161 5383.76
0.420421 3.41814 3.27367 0.0218378 1450.49 0.00240606 5324.43
0.352682 6.17845 7.54853 0.0114753 1217.55 0.00152832 5386.06
0.451446 8.25424 0.628696 0.0145257 3378.36 0.00737162 5329.6
1.21872 1.66088 2.10295 0.268451 4575.93 0.00531683 5386.23
1.74137 0.61889 4.7534 0.278015 2567.82 0.00141197 5393.22
1.18605 0.384951 5.50117 0.0241435 3963.66 0.0208764 5336.37
0.435065 0.785189 4.76438 0.0670032 6425.63 0.0183709 5369.84
0.490779 1.12567 3.66655 0.000762639 2208.49 0.00199482 5316.63
0.37817 4.40451 7.27323 0.00349609 2730.7 0.00383241 5328.22
1.33988 1.72054 2.12506 0.11614 3991.81 0.0141078 5391.32
0.254776 9.74666 6.75897 0.0276659 4353.09 0.00417896 5365.59
0.267244 5.0632 6.7484 0.029626 1398.74 0.00193956 5348.36
0.238399 8.28375 4.1943 0.00535257 879.933 0.00114392 5402.05
0.367909 2.03537 1.56998 0.452771 15189.7 0.183894 5387.85
0.316225 4.71984 4.83423 0.00422624 2102.26 0.000902461 5362.6
0.266112 1.81651 3.21286 0.0404003 14667.7 0.265472 5421.23
0.6632 3.17322 1.86038 0.0654725 6878.22 0.0276631 5351.71
0.348612 8.27579 2.15822 0.113681 5963.06 0.0446095 5378.76
0.745644 4.49132 3.05423 0.0759083 4071.18 0.00418209 5373.65
0.556913 2.37504 6.81042 0.25782 6482.38 0.0129377 5338.08
1.24023 3.04131 2.32087 0.149161 3426.73 0.00728405 5349.74
0.698725 9.03853 4.53547 0.0686758 2693.42 0.00162146 5390.71
2.4559 0.53788 0.808645 0.134597 6106.44 0.0137197 5390.65
0.813205 9.26766 5.59672 0.0828856 2530.35 0.00373682 5333.08
0.39898 6.99632 1.75085 0.0912612 4298.91 0.000468562 5360.23
0.507387 3.06755 5.71764 0.116446 5474.34 0.0355886 5297.44
0.504297 6.08495 4.74422 0.0847939 4237.48 0.0260438 5341.33
0.481885 5.53721 2.86152 0.180999 4325.11 0.0126931 5377.46
0.648179 8.42896 8.32075 0.0608536 1399.18 0.00175015 5382.89
0.857424 1.6256 1.91842 0.0110327 4350.7 0.0143535 5394.63
0.681498 2.42601 1.69686 0.149251 9439.08 0.011562 5387.19
1.11752 1.07429 0.714207 0.284129 7555.39 0.0880191 5356.24
0.248558 8.48087 8.07446 0.0277889 1094.55 0.000179578 5404.38
0.650988 0.472112 2.84949 0.0408837 4237.9 0.0147689 5375.86
0.405847 2.44443 4.89161 0.247847 6785.17 0.0104702 5389.5
0.688652 3.0625 2.80315 0.117018 4971.99 0.0585451 5412.97
0.636167 3.27527 1.70642 0.0110919 6516.93 0.0465598 5366.63
1.00821 1.12203 0.589133 0.235143 10989.3 0.0520303 5381.83
0.579782 4.38078 3.2902 0.0168341 6059.25 0.0185193 5365.58
1.0302 0.94193 7.02391 0.0638356 5087.82 0.0367578 5365.11
0.221518 4.35069 9.16659 0.10149 6196.31 0.00866821 5346.5
0.823793 3.0532 3.64533 0.0755615 1872.63 0.00823797 5374.46
0.537742 0.614742 4.24479 0.0427497 6770.48 0.0616293 5355.47
1.37375 4.376 2.90553 0.206164 3857.6 0.0163632 5383.4
0.206042 8.80508 8.10712 0.0441666 6089.88 0.00863323 5355.33
0.6344 2.76569 3.76154 0.208816 5314.03 0.0215078 5316
0.264972 4.56515 4.65773 0.0446919 1574.13 0.00265962 5421.43
0.590197 5.93347 3.5537 0.0449948 1483.01 0.00380445 5317.02
0.543588 9.75495 4.02846 0.0517702 3941.97 0.0139151 5374.03
0.679243 6.65228 4.23232 0.024789 1840.74 0.00119528 5363.46
0.436589 4.22172 8.12331 0.135805 8527.58 0.0281603 5336.04
0.371644 1.513 3.82159 0.124147 5650.06 0.00442172 5399.26
0.261971 5.31542 6.40806 0.0365035 13612.8 0.144369 5385.61
1.14891 6.7866 3.88396 0.155089 2882.55 0.0145579 5396.46
0.286971 4.81464 8.36123 0.0273985 4258.72 0.0105106 5339.78
0.235832 3.44175 8.87895 0.117759 4530.61 0.00855591 5360.07
0.261041 4.95564 5.54866 0.0480461 6052.65 0.0251489 5300.18
0.873639 2.16623 0.944406 0.0338627 3643.91 0.00415157 5398.99
1.24827 8.95576 2.93291 0.0764771 3595.3 0.00378923 5393.92
0.327346 3.69464 7.0239 0.0274533 6290.05 0.0127811 5323.05
0.269788 7.62564 3.51674 0.0259852 4223.43 0.0311718 5372.69
1.10534 4.88216 2.0209 0.142428 6943.31 0.00731083 5333.05
0.487752 6.24411 1.48637 0.217828 5248.52 0.0136769 5379.35
0.322749 5.76566 6.85464 0.0578554 6713.28 0.0280132 5388.77
0.777213 3.49728 0.756284 0.216388 8102.19 0.056161 5359.3
0.876449 7.05218 1.84984 0.321823 4681.38 0.0117805 5320.28
0.696447 5.12873 7.50061 0.0169392 2333.32 0.000433061 5340.76
0.292278 5.32969 1.53479 0.108435 7743.57 0.0670328 5370.21
0.852225 6.02269 9.0643 0.0275098 1501.37 0.00331006 5355.56
0.225671 6.5161 1.66195 0.0786633 13587.8 0.102764 5384.64
0.97128 1.09915 2.03637 0.580894 15930.3 0.0762329 5314.76
0.207283 7.25574 8.72643 0.122577 8301.75 0.0697857 5399.28
1.11343 2.33953 2.1654 0.142478 2876.33 0.00492068 5410.56
0.685052 3.19007 1.60299 0.335332 8629.05 0.0134671 5360.91
0.301253 6.01968 3.68844 0.0286061 8860.75 0.100333 5350.94
0.482297 2.24519 0.450044 0.443921 18985.8 0.117871 5383.51
0.502779 3.12895 1.6527 0.202947 7150.59 0.0710012 5378.14
0.231007 8.1389 1.93016 0.0293563 3065.72 0.00745844 5375.4
0.367051 1.17158 3.60476 0.00412612 2700.37 0.000702662 5374.31
0.236925 7.30259 7.89824 0.00242537 2461.29 0.00518946 5384.91
0.444482 3.20302 1.43776 0.00520708 2869.18 0.00249924 5451.7
0.421173 2.77308 0.585759 0.00217275 13825.9 0.217132 5424.2
1.39898 2.96691 3.79068 0.265189 3027.43 0.0121068 5374.34
0.455297 1.20864 1.51954 0.234441 8276.96 0.017835 5345.32
0.351267 4.39133 6.22936 0.0901972 6449.35 0.0438501 5370.08
0.460414 1.30185 3.4322 0.10703 7842.94 0.0191928 5284.38
0.213439 8.64465 5.94008 0.0353458 1607 0.000712562 5339.1
1.25826 9.24944 1.03732 0.0460022 1467.17 0.00235628 5342.28
1.45671 0.524002 2.99813 0.223225 7615.45 0.0316054 5362.59
0.93239 2.92713 1.01413 0.0403514 9785.93 0.00271922 5338.17
1.75296 3.02753 2.29816 0.242941 3995.74 0.0193176 5350.69
0.250981 3.81974 9.23699 0.0446501 5469.22 0.0085817 5401.98
0.461564 6.1977 2.70828 0.162674 4756.25 0.0156938 5399.43
2.50125 6.78459 3.21926 0.0280976 1278.03 0.00235135 5373.51
0.241585 1.59398 3.10604 0.0354062 7146.37 0.0346785 5357.22
1.19462 0.678132 3.31929 0.0983024 5718.48 0.0189529 5366.79
0.288616 8.96328 6.03268 0.0249396 3237.31 0.000669787 5356.24
0.339531 2.47173 5.75988 0.00964751 5504.34 0.0132447 5366.46
0.217254 1.03032 5.5949 0.0208736 3661.91 0.00638523 5367.05
1.13107 0.537145 1.2001 0.0173888 7927.52 0.0478542 5370.26
0.84797 0.544279 0.835131 0.0259392 17492.5 0.019785 5381.91
0.497981 5.75744 1.7756 0.0874662 5340.15 0.013232 5404.44
0.801403 3.65834 0.616304 0.256452 5185.39 9.02071e-05 5358.43
0.282512 5.9573 6.27863 0.0330505 5592.84 0.0211863 5344.09
0.469492 8.40938 2.1051 0.151243 3886.18 0.00280164 5353.57
0.548293 1.60813 1.70725 0.0616373 8169.02 0.0674202 5373.58
0.411096 1.357 4.51744 0.140597 7836.45 0.0305323 5377.02
0.299361 2.59201 5.1895 0.0448419 6228.67 0.034624 5365.93
0.95868 5.10489 3.51336 0.324219 3703.05 0.0102405 5393.06
0.262021 3.9639 3.78854 0.0416651 1850.09 0.000531851 5388.16
1.03432 3.6436 5.68131 0.199234 5409.38 0.0269067 5401.17
0.379841 5.95585 9.9408 0.140503 5546.41 0.00822777 5439.88
2.14774 0.318876 1.57816 0.33352 7938.5 0.119592 5390.9
0.531557 1.98663 6.02084 0.084287 9102.55 0.0672126 5351.72
3.04883 6.44445 6.05063 6.24477 1349.94 0.092713 4943.33
0.262417 0.43901 2.8752 0.187396 1232.12 0.00138015 5225.48
19.1201 3.32933 0.335705 9.71563 2623.1 0.00325378 5031.01
2.93024 6.9122 8.7039 8.48811 1857.38 0.0333375 5209.36
0.34606 0.288784 0.94713 0.193112 1945.8 0.000503741 4991.68
0.366736 1.92676 0.291958 0.0893259 1537.91 0.00751937 5530.98
12.0044 0.0418349 5.89046 5.07422 1968.54 0.0909581 5115.12
0.421256 1.69149 1.57777 0.10784 1091.72 0.00220176 5333.36
0.228535 0.653901 0.0105985 0.0238699 1677.4 0.0202012 5180.92
17.5644 8.12365 2.77366 3.24992 5465.79 0.192046 5244.99
0.252365 1.85157 1.23496 0.0364302 1240 0.0084138 5242.82
0.215561 1.01663 1.9957 0.194242 1550.21 0.0237053 4987.67
0.215583 0.307713 0.134621 0.0150953 698.454 0.0100055 5754.23
0.428959 1.00141 0.801783 0.0168797 1056.45 0.00757042 5101.19
1.68274 6.88836 4.74599 4.71803 2807.51 0.346304 4936.66
0.337173 0.563461 0.133308 0.00537701 738.526 0.0021334 5107.94
0.27994 3.28803 0.531985 0.116553 1774.95 0.0369947 4914.35
10.9525 0.702311 4.4423 5.96381 911.554 0.0396616 5024.54
0.201802 1.72049 3.88143 0.325588 2454.93 0.00070482 5408.86
0.588919 1.01317 1.91289 0.264591 580.627 0.00458014 5080.37
0.306567 1.72748 4.77147 0.64119 4242.23 0.0098505 5338.9
0.302977 1.68979 0.860491 0.0687523 1729.17 0.0375111 4929.67
0.237609 0.879278 0.0704443 0.0900825 1147 0.00408623 5168.54
0.254801 0.208292 0.680832 0.212507 1804.77 0.0210486 5300.6
0.433916 0.87092 0.912203 0.00975728 1023.38 0.00721789 4939.97
18.1561 2.81425 5.55281 3.56602 921.631 0.000614647 5025.05
6.08165 0.609634 4.92067 5.47465 1689.5 0.0719404 4962.07
4.71786 7.679 1.94942 5.44437 2695.07 0.211706 5073.66
13.7927 0.942425 4.42354 2.85984 8233.94 0.167004 5035.15
0.392791 2.27532 1.21459 0.119898 837.107 0.000920132 5084.54
1.87651 4.49056 8.81179 6.29723 1813.25 0.0122012 5259.44
0.567691 0.810477 0.843762 0.0752646 885.928 0.0141481 4982.62
0.445048 0.237865 1.54395 0.0543249 1220.96 0.0155179 5380.65
9.31811 2.36067 2.79675 2.16901 4368.91 0.156341 4935.38
4.13135 2.67041 4.77329 5.53786 1769.33 0.0194704 5002.7
1.42769 0.248242 5.25455 4.20266 3870.54 0.349362 4969.95
0.427419 4.5828 6.98078 3.37105 5887.83 0.40789 4924.41
17.1424 3.70624 0.926671 9.82719 3549.52 0.0921642 5815.01
1.07314 5.871 8.49821 9.9753 3126.97 0.412745 5763.86
0.200925 0.244843 1.18989 0.0478665 1187.93 0.0144398 5878.32
0.303031 3.30644 1.83464 0.0922055 4498.91 0.00393945 5270.66
0.208736 0.65793 1.621 0.0692395 1946.89 0.00880227 5263.94
0.726079 3.02252 2.55279 7.8201 711.27 0.0466516 5217.52
6.29277 0.671728 3.32201 5.4506 8302.77 0.106875 5005.61
15.1203 5.6387 1.62039 5.3769 3569.26 0.0459754 5099.75
0.201857 2.35546 0.393554 0.13673 2273.52 0.010624 5075.17
1.96388 3.58093 1.97101 7.83557 1863.26 0.0158037 4965.64
0.269579 1.86523 3.81321 0.365111 2934.36 0.0115598 4917.61
0.244778 1.03774 2.81181 0.0811889 3636.3 0.0297976 5334.56
0.406826 1.15761 0.381399 0.182601 956.844 0.00832312 5486.54
0.200578 0.0338482 0.386091 0.035068 542.789 0.00367175 4918.86
0.204239 1.6962 0.934459 0.178828 2372.61 0.0276446 4978.53
0.243705 3.31281 4.65026 0.301474 4012.37 0.0146788 5336.01
0.378455 0.931232 0.0558469 0.201686 1824.95 0.0127404 5824.31
0.200277 2.04287 0.346554 0.124917 2845.28 0.0214911 5073.43
6.21073 9.02844 0.793547 4.14894 5608.93 0.120449 4982.55
0.231274 0.394508 0.384652 0.124814 881.441 0.000545981 4941.22
0.21193 1.2577 3.42741 0.0706686 5199.35 0.0911501 4916.9
11.9659 7.49615 0.894348 7.00119 4676.36 0.0197405 5015.35
0.243949 0.877517 2.46732 8.85973 2013.32 0.272589 5056.77
10.9391 9.30957 2.50509 7.30435 5413.59 0.0988935 5343.41
0.259318 2.40474 0.274152 0.0782424 989.041 0.00109023 4908.67
19.0799 3.64046 0.516665 1.99897 5302.63 0.0884132 5642.59
0.225986 0.424747 0.302771 0.0177363 1690.24 0.0124675 4949.94
1.18727 0.644047 8.14176 6.96862 1413.47 0.315779 4920.52
1.20569 8.60248 8.31088 6.49935 2347.33 0.389141 5434.05
0.226284 0.526431 0.962497 0.0410435 1308.93 0.00611905 5406.08
0.28988 1.13202 0.0632126 0.0111324 550.476 0.00501208 4905.38
0.301688 2.04152 0.869126 0.116469 1380.65 0.0117899 5289.01
0.405108 9.78176 5.44354 0.28342 4019.6 0.00838569 5192.94
0.270323 0.595548 0.155729 0.0292754 898.472 0.00447764 5150.54
0.731115 7.35121 0.953236 3.91411 6858.76 0.310432 5275.81
18.2621 7.88243 0.214449 7.4143 2485.79 0.139817 5054
3.74621 6.05726 6.14607 9.82819 9561.38 0.108702 5234.39
1.4443 9.60345 4.3194 8.56931 3098.66 0.193701 5033.81
19.9245 2.7975 0.628896 9.53348 2749.03 0.0089905 5254.8
0.234416 0.0440336 0.00379301 0.0183448 820.558 0.0070133 4959.5
0.278358 3.34632 0.323 0.0229658 2651.57 0.00682598 5298.15
11.2683 1.49478 3.07347 2.17035 16363.2 0.463031 5004.82
0.213811 0.589003 2.03097 0.0144758 3749.61 0.0171159 5079.11
0.278275 0.451702 2.17059 0.139756 1588.77 0.0285591 5086.14
0.388572 1.29721 2.36994 0.177184 1602.5 0.013899 5284.51
0.233821 0.0998631 0.428041 0.0798659 2353.76 0.00725262 5149.56
17.1658 0.814569 0.0723886 7.9204 3058.7 0.0875575 5786.18
0.229184 0.287407 0.598812 0.177222 2155.43 0.0275413 5595.43
0.311802 4.2053 1.91965 0.470335 2815.49 0.00399208 5117.93
1.55118 1.19752 1.40969 9.38883 5959.09 0.203303 5059.36
0.2263 0.712133 1.3066 0.0235032 1204.12 0.00230315 5279.99
2.30694 5.07138 9.7205 9.00868 2531.61 0.0335955 5403.46
3.35649 2.67017 7.83076 4.93953 1461.95 0.0673163 5271.43
3.89528 2.10565 2.22807 5.62432 7545.39 0.027438 5383.98
1.38368 7.37096 5.70773 6.5273 6010.14 0.481529 4993.74
0.339482 0.823287 0.308435 0.0666153 612.987 0.00526518 4985.8
2.23348 9.03999 9.63274 4.14706 971.651 0.0269355 4966.89
5.28621 3.41189 0.40273 2.89628 4025.1 0.0805843 5289.24
0.928631 8.82029 4.24458 8.54914 2887.48 0.429361 5276.94
0.274834 2.23585 4.77299 0.245506 3621.17 0.0244419 4943.64
0.449292 1.23287 0.390667 1.23125 4040.23 0.0241229 4935.43
0.293313 0.217165 0.758775 0.0131879 1334.05 0.0166757 5093.45
0.224691 1.24057 0.609821 0.0317797 1056.7 0.0157259 5328.08
2.32801 0.884211 2.65243 7.06938 1937.95 0.118365 4909.34
0.23969 1.14389 0.106901 0.0490301 2498.88 0.034237 5121.99
0.427771 7.03273 5.22484 0.19729 4377.36 0.0116093 5373.48
8.22138 3.77608 0.602691 5.57394 8063.4 0.414908 5056.45
0.400193 2.99619 0.649504 0.0155526 1842.29 0.00807987 4957.54
13.882 7.09198 6.10686 5.76643 2095.37 0.143291 4956.91
2.90199 0.672759 7.5752 9.03992 1718.03 0.305683 5202.08
0.242157 3.12775 1.27902 0.0114381 2407.87 0.00931669 5290.61
5.34046 4.23191 5.79853 9.51316 3927.93 0.192537 5683.87
12.6738 6.68501 0.799106 5.33972 6707.44 0.181014 4915.64
0.302486 9.91235 1.14833 4.09283 13264 0.355367 5963.34
0.313309 2.26407 2.31203 0.261826 1618.82 0.00263123 4937.54
0.282598 3.01615 0.527505 0.0128288 2689.17 0.00858959 5308.68
1.00047 1.31116 9.29937 1.28514 1987.46 0.429346 5011.04
0.251488 0.493714 0.64565 0.12503 2104.45 0.0293494 5162.93
0.408756 0.340268 1.05864 0.0969748 1561.87 0.0122436 4998.62
0.243309 2.4016 1.12743 0.0878175 2754.02 0.0158351 5075.27
0.210679 0.0744636 0.120393 0.0328973 1275.13 0.00493876 4945.49
0.235726 0.816557 0.69385 0.176405 1299.47 0.00610356 5008.83
0.348035 0.18185 2.63398 0.0932914 1359.59 0.0104303 5293.42
0.200516 0.0420711 0.804463 0.0232158 600.252 0.000170464 5182.3
0.22013 0.154658 0.564429 0.00856842 513.222 0.00207031 5255.49
2.45783 3.21512 2.84248 7.93761 9326.89 0.271516 5003.89
8.95459 3.39859 8.48444 7.9792 4400.51 0.315318 5265.99
0.209944 0.657322 2.53273 0.00539221 1712.91 0.00087278 4905.18
8.81942 2.78895 7.74167 5.75795 4425.83 0.32862 5181.99
1.13379 7.17376 6.85397 8.68228 5042.54 0.353021 5026.77
11.335 9.00285 3.93507 7.61945 2982.27 0.178871 5106.79
1.92355 3.45374 4.51657 8.66067 14098.6 0.170421 4936.48
1.57966 0.319203 2.81273 5.37266 4684.93 0.379108 4933.3
2.43696 6.1007 5.66924 9.09259 1847.59 0.0767464 5247.35
3.96016 7.10088 9.17455 1.8815 1093.06 0.2388 5161.99
6.87623 4.22474 7.4273 9.6209 3015.8 0.190054 4930.52
2.74244 6.22147 6.62042 5.50485 3517.79 0.250909 4958.29
0.209209 0.79938 0.437086 0.0623861 1670.71 0.0145305 5766.69
2.7632 9.82176 1.20775 5.91454 1299.59 0.0658061 4969.1
10.2073 0.142428 2.27033 1.99544 4616.68 0.0355034 4928.57
0.407742 1.36311 3.05462 0.176641 2379.77 0.0198035 5537.92
11.557 2.62465 2.77099 7.30253 7815.94 0.0745107 5591.43
10.9133 0.980168 3.45819 3.28963 8652.74 0.0592092 5221.27
2.28494 1.89968 9.60667 7.27188 2710.86 0.187919 5155.13
0.493497 0.169773 1.66273 0.0308989 999.084 0.00975693 4953.71
0.247939 2.71804 0.54545 0.0978274 2630.72 0.0211477 5335.95
0.238926 2.40277 2.03954 0.140083 2822.99 0.0105517 5429.52
0.21047 1.0826 0.472786 0.253851 2107.35 0.0033168 5028.77
0.281188 0.144393 1.3802 0.229541 2064.7 0.00106751 5769.05
1.61813 6.33544 2.09626 5.24856 1675.33 0.357727 5225.36
0.27961 0.1268 1.15908 0.15597 975.911 0.000802459 4962.11
6.25281 7.37786 1.81222 9.24814 2404.89 0.0646368 5262.75
9.12859 3.7113 0.629073 3.29621 3775.69 0.0394095 4902.26
0.244522 1.03155 0.144041 0.413809 3433.79 0.0103395 4948.16
1.73269 7.01318 1.13059 9.74079 1954.11 0.0743279 5708.3
0.538269 1.80015 0.219966 5.19336 2179.38 0.0517768 4942.12
3.95088 5.25047 0.244667 9.39401 4681.65 0.257995 5367.37
0.388414 3.38914 8.31051 0.0155128 2740.62 0.0444044 5914.06
0.217369 0.758734 1.12942 0.0676555 1636.14 0.0201325 5132.24
9.69513 3.62539 8.83606 2.50551 949.751 0.0183722 5320.62
0.239281 1.05349 0.276583 0.0320694 1924.53 0.0291992 4968.48
0.260454 1.45948 0.780116 0.0154191 872.167 0.00554556 5586.22
0.440309 0.0425153 0.313832 0.0930014 591.556 0.00471506 4953.65
2.26677 4.37826 7.69414 5.4354 6989.12 0.225573 5315.31
3.62877 4.41856 2.19516 9.30123 608.489 0.00970352 5631.51
12.0631 1.72393 6.39032 1.52181 2881.11 0.0273296 4996.81
11.8512 2.15494 8.48165 4.40856 4240.67 0.0716381 5023.41
0.291347 1.51052 3.23614 0.106044 2334.23 0.0164314 5276.27
1.10726 9.61303 8.16285 7.63524 2068 0.240802 5357.56
6.50529 7.67812 0.785909 6.81957 6212.42 0.10691 5031.08
11.8104 7.14143 6.7953 1.96361 3290.5 0.0289453 4991.85
0.310406 1.07409 4.57822 0.176398 3158.6 0.0164129 4959.72
6.46425 4.70139 1.67876 2.03404 2638.6 0.10935 5147.65
0.262748 0.645048 1.59 0.072722 1803.24 0.00763476 5793.6
1.425 2.81247 7.83254 8.89884 11233.6 0.257304 5680.77
0.391157 4.16393 4.06358 0.653504 5010.64 0.0694369 5019.79
14.4246 8.66289 2.85352 5.05329 642.437 0.00335119 5244.76
17.6048 0.677468 3.71647 0.47801 4048.69 0.031541 5103.48
0.283462 0.155188 0.0416739 0.0578615 502.833 0.00138918 5674.95
0.230677 1.43421 0.875424 0.21047 1718.5 0.025242 5438.18
0.459207 0.850998 4.39388 0.134139 1696.56 0.0229129 5567.27
0.345711 1.28393 1.15855 0.0986323 1743.15 0.0275127 4942.52
12.0128 5.47914 3.06065 3.81493 4098.44 0.036203 4933.26
0.299121 0.913895 1.2439 0.161687 1421.22 0.0172399 5096.38
0.24957 0.170159 0.523336 0.387642 3068.22 0.00231623 5369.5
0.632882 1.70409 1.1932 0.13438 535.084 0.00355001 5696.68
4.81469 3.50683 9.17373 8.03157 2042.59 0.176905 4918.23
0.242382 0.768583 0.731812 0.195587 1540.87 0.00130083 5376.51
4.07608 1.74982 6.98234 4.66646 2604.47 0.0592845 5699.6
3.95803 8.45691 5.86405 7.97893 1954.95 0.102161 4927.32
4.40846 6.18575 3.55183 6.06599 4785.44 0.185549 4940.07
0.210422 0.0371759 0.0733508 0.00618741 546.465 0.00122805 5337.8
5.73877 2.94344 2.94651 1.1275 7179.66 0.492102 5097.85
17.2197 0.985584 1.39289 1.47489 2998.13 0.0154753 5176.61
15.0512 4.94875 1.62731 2.02133 8516.08 0.114231 4913.93
3.73118 2.57929 3.7009 9.87869 991.319 0.145742 4909.51
19.8823 2.50335 5.08288 4.51069 2065.35 0.0152446 5246.92
0.233893 0.650237 0.7159 0.0844873 1638.71 0.0296366 4936.35
10.8659 9.64373 3.65525 3.39516 2871.41 0.0747815 5275.17
0.241788 0.878877 0.430386 0.0314414 664.748 0.00764346 4924.89
0.378845 0.838777 0.398097 0.0771476 528.571 0.0108823 5003.65
0.368599 3.84196 3.1371 0.140803 1634.51 0.0235606 5032.66
0.388086 0.670413 0.191563 0.0885628 1319.98 0.00401958 5290.07
3.61189 5.53188 2.99243 7.45494 6853.39 0.42566 5395.81
0.379698 2.26048 2.88249 0.0122496 1469.94 0.0267119 5383.04
0.467938 6.89209 0.380509 0.375934 2421.75 0.0173641 5189.6
0.21528 0.914331 4.61685 0.327009 4307.44 0.0518956 5051.55
8.10917 7.86354 9.43611 3.5427 3364.91 0.140441 5336.37
0.257308 1.24556 1.20223 0.0248704 1749.11 0.0375544 4987.26
8.86133 4.44398 6.61973 2.29194 4369.69 0.0341853 4969.65
0.365791 6.27195 1.4264 0.660467 6088.64 0.0733384 4936.99
13.181 3.56029 9.47455 3.12357 5291.84 0.266548 5622.1
0.306988 0.717337 1.2183 0.0893048 1446.05 0.000255729 4924.98
3.73999 2.33833 1.94937 9.09223 777.34 0.00702741 4982.42
3.6507 2.84673 2.77714 4.52463 8296.1 0.198883 5293.8
0.229189 0.612041 0.0966171 0.0404026 1524.8 0.0250534 4960.96
12.4078 5.21437 2.3489 6.86512 3358.04 0.0451687 5202.64
5.14097 5.01613 2.25626 8.97657 4424.71 0.0387982 4923.51
0.223897 0.780175 0.57058 0.251145 1274.36 0.0206476 4946.65
0.285603 0.459812 0.697337 0.0165462 759.043 0.0118325 5102.64
3.823 5.26488 8.69491 9.64806 982.072 0.0257813 5163.61
0.479845 0.877343 0.261497 0.210315 1227.15 0.0185542 5066.6
0.800884 3.59409 8.82038 2.08799 4715.33 0.104975 5256.11
0.203993 0.665906 2.62821 0.362785 3152.36 0.0159532 5001.34
2.69535 5.26707 8.61196 9.90977 3446.68 0.290309 5022.29
0.24782 1.44694 0.388878 0.0880215 1964.36 0.00132743 5290.44
3.39334 2.89954 7.0281 7.44362 4109.97 0.0260133 5461.27
6.22317 2.08785 7.47017 0.645257 1555.27 0.146412 4943.58
2.57481 8.41467 2.17477 7.78887 2065.33 0.329938 4966.67
0.707916 1.64268 8.03174 8.46588 1856.65 0.395985 5036.34
12.9847 2.51997 1.95666 3.1645 2330.84 0.0718502 4904.52
0.240047 0.452836 0.33655 0.0322492 579.794 0.00196994 4915.11
2.31347 0.565322 1.30243 1.59762 1642.21 0.177263 5844.39
16.2915 3.95489 0.944991 9.49689 681.32 0.0213945 4918.33
0.259825 0.255948 0.0444269 0.0227029 1419.16 0.0131468 5041.96
2.2565 6.57898 0.994438 4.76098 3753.34 0.298571 5054.44
2.93046 1.03365 7.5863 3.61471 3962.24 0.241285 5205.3
0.306767 4.42678 5.27656 0.013147 5267.79 0.0212622 4932.84
0.347244 1.07944 1.31189 0.019228 1178.08 0.00223062 5146.26
0.364511 3.24838 1.38335 0.502329 5464.52 0.0671341 5140.75
15.1073 3.66576 0.696071 2.84345 1493.51 0.0182237 5001.72
0.263752 0.24189 0.111289 0.0389472 766.667 0.00723986 5387.47
0.286895 0.184795 1.14299 0.025388 1458.48 0.00416029 5079.56
4.6279 7.42714 5.73812 6.05795 3254.51 0.279505 5336.19
12.4822 0.943425 1.47443 0.814876 1449.6 0.00359275 5008.52
0.229707 0.365838 0.0283465 0.289279 2087.27 0.0123149 5350.95
16.5766 5.01009 1.44718 6.20133 1082.5 0.00455522 5204.23
0.205639 1.66262 0.329625 0.00158821 2237.74 0.0330964 5121.75
2.95229 4.12634 4.63906 4.43555 17749.1 0.16191 5534.73
0.298018 1.97274 1.60297 0.180584 1507.7 0.0146796 5579.27
2.38414 5.64298 9.06514 3.03053 1773.74 0.362354 5098.2
0.441824 2.6307 0.895603 0.17988 1884.99 0.00429286 5101.35
14.3031 3.807 2.83608 3.28684 3006.02 0.0726946 5090.2
0.423783 3.96853 1.90346 3.52445 4791.57 0.472615 5102.11
0.358279 1.56777 1.29379 0.109175 1327.77 0.00704044 5267.24
6.94281 2.33897 1.46909 5.68077 3395.98 0.072092 5404.21
0.272917 8.26282 2.38439 0.534366 4080.11 0.0322094 4947.61
17.6035 0.10883 2.98181 9.79168 1170.93 0.0164082 5209.15
0.269863 1.62146 1.72231 0.0349701 2661.35 0.0436321 5281.13
0.253023 0.364355 0.0931698 0.129253 900.928 0.00217066 5137.07
0.234292 0.401505 0.157232 0.00232755 1418.96 0.00967373 5457.11
0.295076 1.34452 1.1272 0.155228 2936.48 0.00405548 5060.36
1.41069 9.71461 2.89947 9.91336 6926.91 0.342362 5239.53
0.331727 0.210323 2.22341 4.78013 823.726 0.187727 5240.79
0.53773 1.28367 5.16643 0.17706 2246.44 0.00550778 5076.72
1.4716 7.28257 3.0338 2.74033 5120.87 0.251197 4971.55
3.78301 8.94663 1.37705 4.86684 5323.52 0.0856395 5315.49
0.226983 1.1142 1.52257 0.133934 1592.29 0.00632447 5144.56
10.5848 3.36916 9.62277 3.33612 2059.41 0.0893935 5427.13
19.5196 1.63337 3.53874 7.26128 3523.98 0.0382766 5010.45
10.2046 8.10442 6.76504 1.82961 3192.47 0.0256147 5017.45
3.22302 9.20343 1.67764 8.87847 13805.9 0.100431 5270.14
9.92297 9.33622 2.89411 0.837461 2681.53 0.0205393 5440.48
0.350067 2.2305 2.56869 0.608789 2318.7 0.0318207 5023.45
0.280689 0.310455 2.64543 0.226052 1708.21 0.00896018 5208.29
0.294822 0.12033 1.9887 0.369833 2668.18 0.00312081 5300.61
0.771783 9.2099 6.70971 8.60806 8762.18 0.321116 5162.02
0.206375 1.38584 0.178252 0.0284535 1558.91 0.0127958 5451.5
0.281755 7.01682 1.82525 2.7685 1930.06 0.418824 5135.99
0.280917 6.25245 0.798739 8.41664 776.572 0.216474 5028.72
0.388658 0.0325793 0.0293572 0.296 2090.65 0.0267322 4918.41
0.283926 0.46638 0.188832 0.0118747 1142.96 0.0111222 5005.36
0.219262 0.78472 0.77887 0.158533 2190.82 0.0347297 5104.95
0.354821 8.38365 6.24762 0.607361 3374.21 0.00215919 5333.17
10.7837 9.44338 2.01802 7.74885 6825.31 0.327739 4969.84
0.364959 1.11612 1.63128 0.135317 1177.08 0.0121566 5019.65
0.512567 0.897997 0.123572 0.0692368 1024.94 0.0103039 5829.51
0.237306 0.0164391 2.94758 0.103946 2544.1 0.0253995 5792.39
5.14754 7.2588 5.68584 7.40829 3468.99 0.258349 4923.52
0.410226 1.70042 0.680492 0.285409 1409.26 0.000982499 5227.2
0.475596 0.264958 0.613057 0.290978 935.452 0.00828162 5100.47
1.89977 7.13133 1.14285 8.6218 2230.08 0.191838 5198.12
0.397447 3.46632 0.0557176 0.41886 2516.2 0.0182914 5877.01
1.39066 4.54235 1.22098 9.21263 5053.01 0.439568 5072.64
10.2772 9.19094 7.43548 9.01575 815.252 0.000411136 5581.93
18.7815 7.16213 0.320272 1.89597 10647 0.0300287 4903.32
0.202418 1.07668 0.21047 0.541356 4542.09 0.0325854 5065.45
16.9457 1.04126 7.59347 5.32855 1420.25 0.0211348 4937.79
4.25425 3.48212 5.9394 5.71674 3775.1 0.476048 5245.53
14.601 4.53235 1.32792 3.88643 1362.58 0.00609081 4981.23
15.4588 3.35638 3.59072 8.02191 3162.08 0.00854238 5481.33
0.273661 0.740141 1.12087 0.0027638 665.766 0.00157234 5218.94
11.7433 5.06779 3.72486 0.87895 5477.68 0.0663624 4910.18
0.393799 2.00481 3.66483 0.299276 1533.96 0.0413265 5423.9
0.214731 0.366917 1.89943 0.0125287 1551.84 0.0241696 4981.21
0.362081 4.65069 4.77274 0.0353338 2573.44 0.00280367 5017.46
0.281327 1.45377 0.863878 0.0145287 1678.19 0.0103166 5012.49
9.47397 7.76099 8.91338 2.73498 2740.22 0.0488496 4907.77
4.74015 9.88887 0.525074 8.51295 1121.37 0.063337 5222.75
0.307586 0.234818 0.503693 0.195563 1632.17 0.00804644 5570.54
3.01261 6.83063 9.76086 1.97182 1336.05 0.00763467 5229.58
16.1785 4.26354 2.00165 6.54686 2313.63 0.0392511 5007.64
0.213418 0.394108 1.32111 0.0934303 1149.64 0.00965764 5548.68
19.3841 3.71033 2.45153 5.79125 3016.66 0.0327303 5572.18
0.332304 7.1573 3.01792 0.339623 3823.74 0.00232272 5027.74
6.85914 2.29046 2.75583 3.31034 7179.79 0.298991 5105.1
0.231495 0.785721 0.71153 0.0782925 906.813 0.00318193 5102.3
4.30609 2.88335 9.992 1.41066 2142.87 0.116854 4914.68
0.373878 0.549426 0.097952 0.135074 686.954 0.00639262 5682.21
3.18659 7.52268 4.2607 3.77216 1304.97 0.126436 4932.88
18.6752 5.90897 2.88914 6.48602 3009.15 0.0455102 5465.92
0.412475 9.29978 1.23936 2.54552 1031.88 0.251956 5219.42
11.7764 0.505348 4.83643 5.40127 8055.05 0.0826066 5464.48
19.6426 7.16151 4.4443 4.54621 4058.73 0.0424922 5210.29
2.76938 4.5956 7.56882 7.59124 5529.31 0.123661 5020.93
3.1651 3.62952 4.00502 5.76904 5954.37 0.490173 5136.05
7.07818 1.94931 4.421 7.60887 1412.29 0.0900065 4941.67
2.83435 7.7493 3.85066 7.56192 2590.3 0.363727 4938.77
0.219374 0.0587172 0.504094 0.0828329 1493.57 0.0299091 5043.52
8.69362 0.695343 1.45212 5.14577 3166.14 0.0347595 5887.15
0.403656 3.13528 5.85305 0.488041 4962.43 0.0652302 5573
2.23964 8.9542 2.57915 2.39784 687.999 0.11959 5439.46
4.95343 4.44294 9.84951 5.12187 6425.16 0.230541 5186.79
0.248473 1.00097 7.90913 0.653576 6802.83 0.0205874 5618.77
0.257919 2.66287 1.18459 0.0483923 1672.42 0.000180043 5700.19
0.394951 3.52153 1.6955 0.0459063 2053.25 0.00261088 5652.23
7.34386 2.34363 5.80067 2.94204 11130.5 0.287879 5145.13
0.321903 3.23164 2.15361 0.336872 1875.58 0.00575562 5496.62
0.336891 0.982082 0.582331 0.110983 775.917 0.000930049 5201.39
0.212705 0.866226 0.598474 0.255735 2150.97 0.00250219 5002.59
1.7256 5.47876 0.0463677 4.54486 10461.3 0.452977 5385.55
4.74941 0.6813 0.361198 4.44945 1661.75 0.0767742 5671.12
0.369414 3.91956 2.74881 0.589851 3268.21 0.0390121 5643.67
0.241824 0.380146 0.306686 0.0443747 639.022 0.000193375 5141.89
4.52283 3.26255 2.4783 7.80941 1500.88 0.133777 5454.6
13.8709 6.19908 1.86981 2.39139 2261.91 0.00342435 5057.67
1.36763 3.34728 3.8326 8.3932 2674.92 0.339659 5454.33
0.237765 0.891881 1.33751 0.00768306 1074.88 0.0223778 5832.4
0.252955 0.439554 0.0834428 0.122106 884.298 0.00316311 5349.38
4.26293 0.729973 0.365781 5.33962 3178.48 0.225962 5164.58
11.2779 6.93238 6.30452 3.88897 2167.34 0.0431124 5709.97
0.220776 0.0409716 0.0569302 0.0336412 671.283 0.00864584 4960.75
11.4865 9.78825 5.08818 5.34329 2631.83 0.0266571 5526.71
4.36867 7.94859 5.7541 7.0621 1493.27 0.0891174 5800.74
0.228168 0.00531757 0.513461 0.0472289 1002.84 0.00152611 5077.73
0.371533 0.864946 3.24729 0.413863 1737.76 0.0183279 5374.16
0.250215 0.287621 0.597009 0.00587944 1476.71 0.0153658 5476.65
0.353519 0.0403569 0.417284 0.0382953 696.24 0.0120523 4941.36
19.3456 3.27529 0.249905 1.05486 4345.23 0.0507993 5120.16
11.7258 0.717502 7.3569 6.42489 6005.19 0.0541703 5533.08
2.01805 1.73212 3.85875 8.2462 1732.95 0.149168 5140.36
4.21936 4.8378 9.69688 2.35904 3898.97 0.194399 5112.66
0.510281 2.22413 0.630521 0.188351 1597.11 0.0150606 5042.59
18.2184 5.54965 1.86921 8.79932 1041.37 0.0173762 5293.71
0.430324 2.64015 2.73482 0.859696 3188.45 0.0176615 4961.16
15.7678 0.385407 3.96223 8.61107 2311.88 0.0190479 5002.44
1.18666 3.87092 3.13322 8.42152 6263.59 0.356391 5106.1
0.666961 5.78737 2.49364 2.53469 8529.64 0.0639434 5432.52
0.265727 0.28574 0.0960384 0.0247168 677.995 0.00218657 5052.37
1.65748 7.04773 5.11456 3.54662 3588.03 0.428917 5072.61
0.28754 1.34264 0.769167 0.643274 6049.6 0.0275143 4930.93
0.282395 4.88239 0.634253 0.139097 1956.57 0.0226624 5351.69
0.26284 2.01298 1.21885 0.176915 2430.28 0.00150983 5123.26
13.9348 8.03834 9.84932 1.93408 4572.99 0.0369346 4928.1
2.74743 2.37424 6.24201 2.70682 10032.3 0.247303 5471.25
10.065 0.528809 8.88423 8.88937 1545.83 0.0442418 5347.25
0.205624 0.719308 0.285348 0.00250629 619.64 0.00433323 4953.6
10.2472 5.01932 8.91772 8.92969 3565.1 0.195506 5641.96
2.92185 2.3216 8.96081 8.74276 6376.33 0.444304 4900.79
0.23801 0.308369 0.397271 0.0153413 881.603 0.00901296 5651.92
18.1816 7.78043 4.51899 8.93761 3126.46 0.0442558 5058.93
2.22588 6.25518 9.61999 6.88717 1678.76 0.118898 4971.69
0.324617 1.79149 3.34698 0.0413112 1412.18 0.0121434 4963.42
17.5914 8.54494 0.773327 1.12119 3136.02 0.0668869 4931.77
0.274505 0.262606 0.0628948 0.0410127 506.392 0.00362681 5115.93
2.57403 9.24767 3.86768 6.7255 2238.35 0.0921613 4952.63
0.210896 0.386072 0.585206 0.0564417 1177.76 0.0063868 5623.58
4.48995 5.24391 3.03894 9.10069 4779.57 0.109281 4901.85
0.225805 3.26784 6.83062 8.36181 5987.21 0.409632 5293.29
1.89038 9.26421 3.88867 7.13138 7922.58 0.410974 5613.04
0.275074 0.185954 0.390522 0.056881 803.154 0.00777825 5407.85
0.449122 0.621163 1.49167 0.141544 1132.74 0.00481115 5250.65
0.221153 4.13013 2.71769 0.0953758 2333.37 0.0397993 5320.81
0.206481 8.88973 0.314584 8.03783 614.676 0.000713015 5511.61
1.68602 9.05371 5.66601 3.15055 2498.16 0.361139 4946.71
2.27337 7.65787 6.84459 3.13019 2520.19 0.172708 5135.66
14.3556 4.94136 5.47601 6.13532 4479.11 0.0633974 5084.46
0.752731 0.943141 5.60461 7.21071 2168.18 0.282734 5197
11.4112 2.20491 7.80654 9.15549 981.279 0.00422903 5012.72
0.289159 3.16544 3.56949 0.0201595 2176 0.00409075 4944.21
0.341317 1.45792 0.842223 0.118097 883.94 0.00196462 5386.37
0.299631 3.01693 0.887961 0.308486 3261.53 0.0161948 5092.35
0.22757 0.885785 1.04505 0.261971 3383.67 0.0133746 5236.33
7.51974 3.0632 6.82398 7.14165 1312.77 0.079763 4951.18
0.227871 0.630033 1.59542 0.163611 3093.31 0.00460499 5275.8
8.84205 9.15603 6.67492 3.38799 2967.48 0.0706915 5001.28
12.5715 0.348107 6.59838 8.2237 594.033 0.0234211 5052.62
0.27009 0.429687 0.609337 0.206252 1249.11 0.0128948 4933.2
0.222433 0.583152 0.103122 0.00904917 952.935 0.010624 5115.76
1.70458 8.47373 6.09906 1.65841 1192.58 0.235727 5064.88
0.251848 0.691014 0.0632525 0.0036364 1835.75 0.00897802 5219.55
0.369052 6.23623 1.33299 0.0947033 1687.39 0.0186589 4996.51
0.3339 3.30013 2.57838 0.270348 1893.14 0.0158475 5310.5
8.04724 9.83359 7.10195 6.15684 6857 0.270449 5368.14
0.711778 9.71565 1.00318 3.97706 11054.9 0.211571 4929.73
2.73138 7.16792 6.13353 8.74015 6023.99 0.117069 4919.57
0.255561 0.636457 0.216679 0.0463769 1918.14 0.0361649 5687.73
19.1375 3.26538 0.0735208 9.50437 2731.21 0.0143282 5356.08
6.50427 8.80115 5.586 9.15584 1897.23 0.0930947 4948.09
0.303274 1.03795 0.855958 0.0528483 965.378 0.00574011 5277.74
6.76494 3.791 9.48386 6.39073 1243.98 0.039689 5108.52
0.375691 2.38706 7.20006 0.272418 5048.26 0.0293313 4934.78
0.432217 3.87112 0.700891 0.537239 2812.11 0.0289525 5164.38
14.1167 2.81295 4.14382 9.50125 2112.47 0.0477233 5010.02
1.85647 3.94219 8.13054 9.54235 1405.55 0.190221 5826.95
4.72614 1.87644 3.3441 4.94239 3771.75 0.0670433 5039.41
0.966002 3.7556 8.87781 8.41462 2457.55 0.355337 5148.41
5.00584 7.87047 4.8573 3.36611 2491.76 0.0719189 5048.38
0.954761 6.08604 0.0647652 7.55753 677.813 0.0148564 5408.88
0.3187 1.96046 4.91758 0.3718 3203.56 0.00574473 5907.96
1.68917 1.37265 7.04385 6.00646 5775.56 0.055972 4955.9
5.69049 6.06047 8.72937 6.882 3479.89 0.259105 5177.08
9.97093 5.59909 5.74322 0.691516 5423.73 0.00928626 5219.77
19.5346 1.18842 5.99579 9.7522 2984.67 0.0196154 4957.01
1.13013 3.12114 4.60629 6.28107 6441.01 0.469482 5164.41
7.96343 0.295742 7.25039 7.57944 3277.72 0.20026 5766.81
0.229461 0.15618 1.0457 0.122016 2438.48 1.81295e-05 4907.41
0.26865 0.668598 0.973458 0.048665 3432.03 0.0324243 5215.43
7.19287 3.6642 9.43126 1.63126 11294.9 0.0486275 5687.63
0.342141 0.0024866 1.47627 0.0180118 1111.74 0.00915457 4983.8
0.213926 1.13779 0.290221 0.0346342 1111.37 0.0149718 5448.48
5.65849 7.32145 6.25561 2.4036 5660.38 0.328663 5035.84
0.271546 0.758915 0.0755631 0.122913 2199.15 0.000940669 5051.71
1.68215 9.80799 1.39963 0.502068 1745.83 0.21778 5020.86
0.484506 0.579559 0.155857 0.141228 680.445 0.016007 4913.76
0.250516 1.20395 2.83649 0.341866 2714.18 0.0191269 4928.2
0.204759 0.294102 0.286045 0.0330917 504.471 0.00302521 5564.69
13.2489 9.95245 0.273316 3.07262 4186.54 0.0428411 4985.78
0.214145 1.08985 0.185524 0.169631 1729.01 0.0317781 4918.1
2.79078 9.69197 1.4656 7.26242 1413.06 0.0474305 5368.25
11.3743 6.05767 4.31627 3.82542 5501.23 0.0514465 5045.11
6.0377 6.97894 2.14255 9.39694 2036.52 0.0957234 5861.54
2.75269 8.74796 4.89878 8.63058 3061.08 0.0385466 5522.28
5.12587 0.741821 8.90946 4.22868 2722.88 0.0634547 5023.61
5.24337 5.46118 7.91005 6.60991 3247.03 0.185294 4972.49
0.23636 1.65593 2.99355 0.0295627 3766.49 0.00413209 5091.88
0.428464 1.18198 2.03059 8.91285 1147.15 0.300851 5830.2
5.99944 3.36905 9.07063 2.76717 1316.04 0.00228941 5159.25
5.90495 5.38528 3.1086 3.96005 5380.14 0.0569949 5030.28
0.402441 1.70827 8.77088 7.70659 2744.8 0.327361 5043.45
0.228928 0.251817 0.270387 0.0138483 578.157 0.00261646 4935.28
0.24668 2.02874 0.518951 0.135311 1829.93 0.00315022 4922.44
0.246071 3.80118 7.1976 0.187856 6921.47 0.0394258 5215.79
0.384493 0.192601 2.53498 0.202533 707.61 0.260202 5051.49
7.17679 7.57599 3.46882 4.1704 809.217 0.0324158 5044.24
2.54413 5.17684 0.641172 8.32136 11483.1 0.380109 5204
0.207046 2.15269 1.37146 0.0411101 2764.93 0.0243199 4988.84
0.312071 3.39163 2.6642 0.223371 2836.02 0.00692774 5261.36
5.76827 9.92518 7.09069 5.69679 1658.58 0.0483616 5453.73
0.238079 0.595478 0.641061 0.141829 2062.77 0.00882397 5397.95
12.321 3.75946 3.19216 7.77214 1859.29 0.0252822 4944.41
0.310345 2.31528 1.38162 0.0281565 1357.34 0.0190948 5043.57
13.2093 7.70206 4.46021 8.1673 2802.54 0.0672516 4998.89
0.291371 2.53911 7.01876 0.461511 3161.72 0.0232962 5260.38
0.220083 0.498485 0.410745 0.031612 693.993 0.00570268 5618.99
0.235042 1.069 0.565979 0.109367 1686.76 0.00255121 5031.95
0.662282 0.592029 5.58875 9.51912 3816.03 0.41871 5018.16
0.473406 1.7307 4.09701 1.28801 5205.15 0.0488258 5014.36
12.2611 9.31639 3.87073 4.08116 2776.93 0.0215538 5039.97
0.223223 0.309762 0.644792 0.0491201 922.561 0.0040457 5356.62
0.250741 4.70494 0.433073 0.0994113 2501.61 0.00102098 5231.62
0.464043 0.398408 0.382077 0.00787998 692.782 0.0235779 4926.42
6.34122 5.20242 6.36325 1.23996 5320.64 0.14509 5248.45
2.79159 4.91733 1.03922 0.639862 4572.19 0.12838 5053.36
0.300171 0.588634 0.41236 0.165043 1565.58 0.00360666 5155.86
0.255056 0.0184561 7.30839 0.307444 6710.91 0.0350247 4904.53
0.234512 0.26062 0.759039 0.0192843 919.397 0.000330534 5756.26
10.8397 0.910749 8.26218 2.19427 6512.99 0.0465112 4999.46
2.90896 6.86 1.97787 6.9282 4124.27 0.192636 5561.63
0.251405 0.298373 0.775342 0.0345185 745.043 0.00342545 5052
11.0417 1.35627 1.42119 9.40618 683.563 0.0184345 5076.73
4.19535 0.415388 8.65103 9.26375 1301.44 0.169975 5132.14
9.60138 1.70348 3.5944 8.46179 2545.88 0.0647694 4994.26
8.72974 5.8538 1.65967 3.082 5060.82 0.204038 4937.46
0.354221 0.768361 0.176363 0.0602848 987.01 0.00562477 5194.97
0.249212 0.858403 0.792253 0.12847 1305.32 0.0163345 4927.72
18.6729 3.92902 2.96017 4.35622 1480.72 0.00466304 5152.05
0.340442 0.963883 1.15303 0.342273 3708.28 0.00683549 5103.15
14.0065 2.6317 4.24785 4.91054 2936.68 0.0281686 5156.01
12.1526 3.73652 9.81503 2.09798 1196.31 0.0241154 5046.07
20.0257 1.97744 6.36004 6.06344 2664.95 0.0349484 5297.48
16.7269 6.00235 0.428414 1.8047 1428.39 0.0011214 4910.66
0.514606 3.32148 0.080654 0.0522508 2233.59 0.00463243 4948.84
