3.04883 6.44445 6.05063 6.24477 1349.94 0.092713 4943.33
0.262417 0.43901 2.8752 0.187396 1232.12 0.00138015 5225.48
19.1201 3.32933 0.335705 9.71563 2623.1 0.00325378 5031.01
2.93024 6.9122 8.7039 8.48811 1857.38 0.0333375 5209.36
0.34606 0.288784 0.94713 0.193112 1945.8 0.000503741 4991.68
0.366736 1.92676 0.291958 0.0893259 1537.91 0.00751937 5530.98
12.0044 0.0418349 5.89046 5.07422 1968.54 0.0909581 5115.12
0.421256 1.69149 1.57777 0.10784 1091.72 0.00220176 5333.36
0.228535 0.653901 0.0105985 0.0238699 1677.4 0.0202012 5180.92
17.5644 8.12365 2.77366 3.24992 5465.79 0.192046 5244.99
0.252365 1.85157 1.23496 0.0364302 1240 0.0084138 5242.82
0.215561 1.01663 1.9957 0.194242 1550.21 0.0237053 4987.67
0.215583 0.307713 0.134621 0.0150953 698.454 0.0100055 5754.23
0.428959 1.00141 0.801783 0.0168797 1056.45 0.00757042 5101.19
1.68274 6.88836 4.74599 4.71803 2807.51 0.346304 4936.66
0.337173 0.563461 0.133308 0.00537701 738.526 0.0021334 5107.94
0.27994 3.28803 0.531985 0.116553 1774.95 0.0369947 4914.35
10.9525 0.702311 4.4423 5.96381 911.554 0.0396616 5024.54
0.201802 1.72049 3.88143 0.325588 2454.93 0.00070482 5408.86
0.588919 1.01317 1.91289 0.264591 580.627 0.00458014 5080.37
0.306567 1.72748 4.77147 0.64119 4242.23 0.0098505 5338.9
0.302977 1.68979 0.860491 0.0687523 1729.17 0.0375111 4929.67
0.237609 0.879278 0.0704443 0.0900825 1147 0.00408623 5168.54
0.254801 0.208292 0.680832 0.212507 1804.77 0.0210486 5300.6
0.433916 0.87092 0.912203 0.00975728 1023.38 0.00721789 4939.97
18.1561 2.81425 5.55281 3.56602 921.631 0.000614647 5025.05
6.08165 0.609634 4.92067 5.47465 1689.5 0.0719404 4962.07
4.71786 7.679 1.94942 5.44437 2695.07 0.211706 5073.66
13.7927 0.942425 4.42354 2.85984 8233.94 0.167004 5035.15
0.392791 2.27532 1.21459 0.119898 837.107 0.000920132 5084.54
1.87651 4.49056 8.81179 6.29723 1813.25 0.0122012 5259.44
0.567691 0.810477 0.843762 0.0752646 885.928 0.0141481 4982.62
0.445048 0.237865 1.54395 0.0543249 1220.96 0.0155179 5380.65
9.31811 2.36067 2.79675 2.16901 4368.91 0.156341 4935.38
4.13135 2.67041 4.77329 5.53786 1769.33 0.0194704 5002.7
1.42769 0.248242 5.25455 4.20266 3870.54 0.349362 4969.95
0.427419 4.5828 6.98078 3.37105 5887.83 0.40789 4924.41
17.1424 3.70624 0.926671 9.82719 3549.52 0.0921642 5815.01
1.07314 5.871 8.49821 9.9753 3126.97 0.412745 5763.86
0.200925 0.244843 1.18989 0.0478665 1187.93 0.0144398 5878.32
0.303031 3.30644 1.83464 0.0922055 4498.91 0.00393945 5270.66
0.208736 0.65793 1.621 0.0692395 1946.89 0.00880227 5263.94
0.726079 3.02252 2.55279 7.8201 711.27 0.0466516 5217.52
6.29277 0.671728 3.32201 5.4506 8302.77 0.106875 5005.61
15.1203 5.6387 1.62039 5.3769 3569.26 0.0459754 5099.75
0.201857 2.35546 0.393554 0.13673 2273.52 0.010624 5075.17
1.96388 3.58093 1.97101 7.83557 1863.26 0.0158037 4965.64
0.269579 1.86523 3.81321 0.365111 2934.36 0.0115598 4917.61
0.244778 1.03774 2.81181 0.0811889 3636.3 0.0297976 5334.56
0.406826 1.15761 0.381399 0.182601 956.844 0.00832312 5486.54
0.200578 0.0338482 0.386091 0.035068 542.789 0.00367175 4918.86
0.204239 1.6962 0.934459 0.178828 2372.61 0.0276446 4978.53
0.243705 3.31281 4.65026 0.301474 4012.37 0.0146788 5336.01
0.378455 0.931232 0.0558469 0.201686 1824.95 0.0127404 5824.31
0.200277 2.04287 0.346554 0.124917 2845.28 0.0214911 5073.43
6.21073 9.02844 0.793547 4.14894 5608.93 0.120449 4982.55
0.231274 0.394508 0.384652 0.124814 881.441 0.000545981 4941.22
0.21193 1.2577 3.42741 0.0706686 5199.35 0.0911501 4916.9
11.9659 7.49615 0.894348 7.00119 4676.36 0.0197405 5015.35
0.243949 0.877517 2.46732 8.85973 2013.32 0.272589 5056.77
10.9391 9.30957 2.50509 7.30435 5413.59 0.0988935 5343.41
0.259318 2.40474 0.274152 0.0782424 989.041 0.00109023 4908.67
19.0799 3.64046 0.516665 1.99897 5302.63 0.0884132 5642.59
0.225986 0.424747 0.302771 0.0177363 1690.24 0.0124675 4949.94
1.18727 0.644047 8.14176 6.96862 1413.47 0.315779 4920.52
1.20569 8.60248 8.31088 6.49935 2347.33 0.389141 5434.05
0.226284 0.526431 0.962497 0.0410435 1308.93 0.00611905 5406.08
0.28988 1.13202 0.0632126 0.0111324 550.476 0.00501208 4905.38
0.301688 2.04152 0.869126 0.116469 1380.65 0.0117899 5289.01
0.405108 9.78176 5.44354 0.28342 4019.6 0.00838569 5192.94
0.270323 0.595548 0.155729 0.0292754 898.472 0.00447764 5150.54
0.731115 7.35121 0.953236 3.91411 6858.76 0.310432 5275.81
18.2621 7.88243 0.214449 7.4143 2485.79 0.139817 5054
3.74621 6.05726 6.14607 9.82819 9561.38 0.108702 5234.39
1.4443 9.60345 4.3194 8.56931 3098.66 0.193701 5033.81
19.9245 2.7975 0.628896 9.53348 2749.03 0.0089905 5254.8
0.234416 0.0440336 0.00379301 0.0183448 820.558 0.0070133 4959.5
0.278358 3.34632 0.323 0.0229658 2651.57 0.00682598 5298.15
11.2683 1.49478 3.07347 2.17035 16363.2 0.463031 5004.82
0.213811 0.589003 2.03097 0.0144758 3749.61 0.0171159 5079.11
0.278275 0.451702 2.17059 0.139756 1588.77 0.0285591 5086.14
0.388572 1.29721 2.36994 0.177184 1602.5 0.013899 5284.51
0.233821 0.0998631 0.428041 0.0798659 2353.76 0.00725262 5149.56
17.1658 0.814569 0.0723886 7.9204 3058.7 0.0875575 5786.18
0.229184 0.287407 0.598812 0.177222 2155.43 0.0275413 5595.43
0.311802 4.2053 1.91965 0.470335 2815.49 0.00399208 5117.93
1.55118 1.19752 1.40969 9.38883 5959.09 0.203303 5059.36
0.2263 0.712133 1.3066 0.0235032 1204.12 0.00230315 5279.99
2.30694 5.07138 9.7205 9.00868 2531.61 0.0335955 5403.46
3.35649 2.67017 7.83076 4.93953 1461.95 0.0673163 5271.43
3.89528 2.10565 2.22807 5.62432 7545.39 0.027438 5383.98
1.38368 7.37096 5.70773 6.5273 6010.14 0.481529 4993.74
0.339482 0.823287 0.308435 0.0666153 612.987 0.00526518 4985.8
2.23348 9.03999 9.63274 4.14706 971.651 0.0269355 4966.89
5.28621 3.41189 0.40273 2.89628 4025.1 0.0805843 5289.24
0.928631 8.82029 4.24458 8.54914 2887.48 0.429361 5276.94
0.274834 2.23585 4.77299 0.245506 3621.17 0.0244419 4943.64
0.449292 1.23287 0.390667 1.23125 4040.23 0.0241229 4935.43
0.293313 0.217165 0.758775 0.0131879 1334.05 0.0166757 5093.45
0.224691 1.24057 0.609821 0.0317797 1056.7 0.0157259 5328.08
2.32801 0.884211 2.65243 7.06938 1937.95 0.118365 4909.34
0.23969 1.14389 0.106901 0.0490301 2498.88 0.034237 5121.99
0.427771 7.03273 5.22484 0.19729 4377.36 0.0116093 5373.48
8.22138 3.77608 0.602691 5.57394 8063.4 0.414908 5056.45
0.400193 2.99619 0.649504 0.0155526 1842.29 0.00807987 4957.54
13.882 7.09198 6.10686 5.76643 2095.37 0.143291 4956.91
2.90199 0.672759 7.5752 9.03992 1718.03 0.305683 5202.08
0.242157 3.12775 1.27902 0.0114381 2407.87 0.00931669 5290.61
5.34046 4.23191 5.79853 9.51316 3927.93 0.192537 5683.87
12.6738 6.68501 0.799106 5.33972 6707.44 0.181014 4915.64
0.302486 9.91235 1.14833 4.09283 13264 0.355367 5963.34
0.313309 2.26407 2.31203 0.261826 1618.82 0.00263123 4937.54
0.282598 3.01615 0.527505 0.0128288 2689.17 0.00858959 5308.68
1.00047 1.31116 9.29937 1.28514 1987.46 0.429346 5011.04
0.251488 0.493714 0.64565 0.12503 2104.45 0.0293494 5162.93
0.408756 0.340268 1.05864 0.0969748 1561.87 0.0122436 4998.62
0.243309 2.4016 1.12743 0.0878175 2754.02 0.0158351 5075.27
0.210679 0.0744636 0.120393 0.0328973 1275.13 0.00493876 4945.49
0.235726 0.816557 0.69385 0.176405 1299.47 0.00610356 5008.83
0.348035 0.18185 2.63398 0.0932914 1359.59 0.0104303 5293.42
0.200516 0.0420711 0.804463 0.0232158 600.252 0.000170464 5182.3
0.22013 0.154658 0.564429 0.00856842 513.222 0.00207031 5255.49
2.45783 3.21512 2.84248 7.93761 9326.89 0.271516 5003.89
8.95459 3.39859 8.48444 7.9792 4400.51 0.315318 5265.99
0.209944 0.657322 2.53273 0.00539221 1712.91 0.00087278 4905.18
8.81942 2.78895 7.74167 5.75795 4425.83 0.32862 5181.99
1.13379 7.17376 6.85397 8.68228 5042.54 0.353021 5026.77
11.335 9.00285 3.93507 7.61945 2982.27 0.178871 5106.79
1.92355 3.45374 4.51657 8.66067 14098.6 0.170421 4936.48
1.57966 0.319203 2.81273 5.37266 4684.93 0.379108 4933.3
2.43696 6.1007 5.66924 9.09259 1847.59 0.0767464 5247.35
3.96016 7.10088 9.17455 1.8815 1093.06 0.2388 5161.99
6.87623 4.22474 7.4273 9.6209 3015.8 0.190054 4930.52
2.74244 6.22147 6.62042 5.50485 3517.79 0.250909 4958.29
0.209209 0.79938 0.437086 0.0623861 1670.71 0.0145305 5766.69
2.7632 9.82176 1.20775 5.91454 1299.59 0.0658061 4969.1
10.2073 0.142428 2.27033 1.99544 4616.68 0.0355034 4928.57
0.407742 1.36311 3.05462 0.176641 2379.77 0.0198035 5537.92
11.557 2.62465 2.77099 7.30253 7815.94 0.0745107 5591.43
10.9133 0.980168 3.45819 3.28963 8652.74 0.0592092 5221.27
2.28494 1.89968 9.60667 7.27188 2710.86 0.187919 5155.13
0.493497 0.169773 1.66273 0.0308989 999.084 0.00975693 4953.71
0.247939 2.71804 0.54545 0.0978274 2630.72 0.0211477 5335.95
0.238926 2.40277 2.03954 0.140083 2822.99 0.0105517 5429.52
0.21047 1.0826 0.472786 0.253851 2107.35 0.0033168 5028.77
0.281188 0.144393 1.3802 0.229541 2064.7 0.00106751 5769.05
1.61813 6.33544 2.09626 5.24856 1675.33 0.357727 5225.36
0.27961 0.1268 1.15908 0.15597 975.911 0.000802459 4962.11
6.25281 7.37786 1.81222 9.24814 2404.89 0.0646368 5262.75
9.12859 3.7113 0.629073 3.29621 3775.69 0.0394095 4902.26
0.244522 1.03155 0.144041 0.413809 3433.79 0.0103395 4948.16
1.73269 7.01318 1.13059 9.74079 1954.11 0.0743279 5708.3
0.538269 1.80015 0.219966 5.19336 2179.38 0.0517768 4942.12
3.95088 5.25047 0.244667 9.39401 4681.65 0.257995 5367.37
0.388414 3.38914 8.31051 0.0155128 2740.62 0.0444044 5914.06
0.217369 0.758734 1.12942 0.0676555 1636.14 0.0201325 5132.24
9.69513 3.62539 8.83606 2.50551 949.751 0.0183722 5320.62
0.239281 1.05349 0.276583 0.0320694 1924.53 0.0291992 4968.48
0.260454 1.45948 0.780116 0.0154191 872.167 0.00554556 5586.22
0.440309 0.0425153 0.313832 0.0930014 591.556 0.00471506 4953.65
2.26677 4.37826 7.69414 5.4354 6989.12 0.225573 5315.31
3.62877 4.41856 2.19516 9.30123 608.489 0.00970352 5631.51
12.0631 1.72393 6.39032 1.52181 2881.11 0.0273296 4996.81
11.8512 2.15494 8.48165 4.40856 4240.67 0.0716381 5023.41
0.291347 1.51052 3.23614 0.106044 2334.23 0.0164314 5276.27
1.10726 9.61303 8.16285 7.63524 2068 0.240802 5357.56
6.50529 7.67812 0.785909 6.81957 6212.42 0.10691 5031.08
11.8104 7.14143 6.7953 1.96361 3290.5 0.0289453 4991.85
0.310406 1.07409 4.57822 0.176398 3158.6 0.0164129 4959.72
6.46425 4.70139 1.67876 2.03404 2638.6 0.10935 5147.65
0.262748 0.645048 1.59 0.072722 1803.24 0.00763476 5793.6
1.425 2.81247 7.83254 8.89884 11233.6 0.257304 5680.77
0.391157 4.16393 4.06358 0.653504 5010.64 0.0694369 5019.79
14.4246 8.66289 2.85352 5.05329 642.437 0.00335119 5244.76
17.6048 0.677468 3.71647 0.47801 4048.69 0.031541 5103.48
0.283462 0.155188 0.0416739 0.0578615 502.833 0.00138918 5674.95
0.230677 1.43421 0.875424 0.21047 1718.5 0.025242 5438.18
0.459207 0.850998 4.39388 0.134139 1696.56 0.0229129 5567.27
0.345711 1.28393 1.15855 0.0986323 1743.15 0.0275127 4942.52
12.0128 5.47914 3.06065 3.81493 4098.44 0.036203 4933.26
0.299121 0.913895 1.2439 0.161687 1421.22 0.0172399 5096.38
0.24957 0.170159 0.523336 0.387642 3068.22 0.00231623 5369.5
0.632882 1.70409 1.1932 0.13438 535.084 0.00355001 5696.68
4.81469 3.50683 9.17373 8.03157 2042.59 0.176905 4918.23
0.242382 0.768583 0.731812 0.195587 1540.87 0.00130083 5376.51
4.07608 1.74982 6.98234 4.66646 2604.47 0.0592845 5699.6
3.95803 8.45691 5.86405 7.97893 1954.95 0.102161 4927.32
4.40846 6.18575 3.55183 6.06599 4785.44 0.185549 4940.07
0.210422 0.0371759 0.0733508 0.00618741 546.465 0.00122805 5337.8
5.73877 2.94344 2.94651 1.1275 7179.66 0.492102 5097.85
17.2197 0.985584 1.39289 1.47489 2998.13 0.0154753 5176.61
15.0512 4.94875 1.62731 2.02133 8516.08 0.114231 4913.93
3.73118 2.57929 3.7009 9.87869 991.319 0.145742 4909.51
19.8823 2.50335 5.08288 4.51069 2065.35 0.0152446 5246.92
0.233893 0.650237 0.7159 0.0844873 1638.71 0.0296366 4936.35
10.8659 9.64373 3.65525 3.39516 2871.41 0.0747815 5275.17
0.241788 0.878877 0.430386 0.0314414 664.748 0.00764346 4924.89
0.378845 0.838777 0.398097 0.0771476 528.571 0.0108823 5003.65
0.368599 3.84196 3.1371 0.140803 1634.51 0.0235606 5032.66
0.388086 0.670413 0.191563 0.0885628 1319.98 0.00401958 5290.07
3.61189 5.53188 2.99243 7.45494 6853.39 0.42566 5395.81
0.379698 2.26048 2.88249 0.0122496 1469.94 0.0267119 5383.04
0.467938 6.89209 0.380509 0.375934 2421.75 0.0173641 5189.6
0.21528 0.914331 4.61685 0.327009 4307.44 0.0518956 5051.55
8.10917 7.86354 9.43611 3.5427 3364.91 0.140441 5336.37
0.257308 1.24556 1.20223 0.0248704 1749.11 0.0375544 4987.26
8.86133 4.44398 6.61973 2.29194 4369.69 0.0341853 4969.65
0.365791 6.27195 1.4264 0.660467 6088.64 0.0733384 4936.99
13.181 3.56029 9.47455 3.12357 5291.84 0.266548 5622.1
0.306988 0.717337 1.2183 0.0893048 1446.05 0.000255729 4924.98
3.73999 2.33833 1.94937 9.09223 777.34 0.00702741 4982.42
3.6507 2.84673 2.77714 4.52463 8296.1 0.198883 5293.8
0.229189 0.612041 0.0966171 0.0404026 1524.8 0.0250534 4960.96
12.4078 5.21437 2.3489 6.86512 3358.04 0.0451687 5202.64
5.14097 5.01613 2.25626 8.97657 4424.71 0.0387982 4923.51
0.223897 0.780175 0.57058 0.251145 1274.36 0.0206476 4946.65
0.285603 0.459812 0.697337 0.0165462 759.043 0.0118325 5102.64
3.823 5.26488 8.69491 9.64806 982.072 0.0257813 5163.61
0.479845 0.877343 0.261497 0.210315 1227.15 0.0185542 5066.6
0.800884 3.59409 8.82038 2.08799 4715.33 0.104975 5256.11
0.203993 0.665906 2.62821 0.362785 3152.36 0.0159532 5001.34
2.69535 5.26707 8.61196 9.90977 3446.68 0.290309 5022.29
0.24782 1.44694 0.388878 0.0880215 1964.36 0.00132743 5290.44
3.39334 2.89954 7.0281 7.44362 4109.97 0.0260133 5461.27
6.22317 2.08785 7.47017 0.645257 1555.27 0.146412 4943.58
2.57481 8.41467 2.17477 7.78887 2065.33 0.329938 4966.67
0.707916 1.64268 8.03174 8.46588 1856.65 0.395985 5036.34
12.9847 2.51997 1.95666 3.1645 2330.84 0.0718502 4904.52
0.240047 0.452836 0.33655 0.0322492 579.794 0.00196994 4915.11
2.31347 0.565322 1.30243 1.59762 1642.21 0.177263 5844.39
16.2915 3.95489 0.944991 9.49689 681.32 0.0213945 4918.33
0.259825 0.255948 0.0444269 0.0227029 1419.16 0.0131468 5041.96
2.2565 6.57898 0.994438 4.76098 3753.34 0.298571 5054.44
2.93046 1.03365 7.5863 3.61471 3962.24 0.241285 5205.3
0.306767 4.42678 5.27656 0.013147 5267.79 0.0212622 4932.84
0.347244 1.07944 1.31189 0.019228 1178.08 0.00223062 5146.26
0.364511 3.24838 1.38335 0.502329 5464.52 0.0671341 5140.75
15.1073 3.66576 0.696071 2.84345 1493.51 0.0182237 5001.72
0.263752 0.24189 0.111289 0.0389472 766.667 0.00723986 5387.47
0.286895 0.184795 1.14299 0.025388 1458.48 0.00416029 5079.56
4.6279 7.42714 5.73812 6.05795 3254.51 0.279505 5336.19
12.4822 0.943425 1.47443 0.814876 1449.6 0.00359275 5008.52
0.229707 0.365838 0.0283465 0.289279 2087.27 0.0123149 5350.95
16.5766 5.01009 1.44718 6.20133 1082.5 0.00455522 5204.23
0.205639 1.66262 0.329625 0.00158821 2237.74 0.0330964 5121.75
2.95229 4.12634 4.63906 4.43555 17749.1 0.16191 5534.73
0.298018 1.97274 1.60297 0.180584 1507.7 0.0146796 5579.27
2.38414 5.64298 9.06514 3.03053 1773.74 0.362354 5098.2
0.441824 2.6307 0.895603 0.17988 1884.99 0.00429286 5101.35
14.3031 3.807 2.83608 3.28684 3006.02 0.0726946 5090.2
0.423783 3.96853 1.90346 3.52445 4791.57 0.472615 5102.11
0.358279 1.56777 1.29379 0.109175 1327.77 0.00704044 5267.24
6.94281 2.33897 1.46909 5.68077 3395.98 0.072092 5404.21
0.272917 8.26282 2.38439 0.534366 4080.11 0.0322094 4947.61
17.6035 0.10883 2.98181 9.79168 1170.93 0.0164082 5209.15
0.269863 1.62146 1.72231 0.0349701 2661.35 0.0436321 5281.13
0.253023 0.364355 0.0931698 0.129253 900.928 0.00217066 5137.07
0.234292 0.401505 0.157232 0.00232755 1418.96 0.00967373 5457.11
0.295076 1.34452 1.1272 0.155228 2936.48 0.00405548 5060.36
1.41069 9.71461 2.89947 9.91336 6926.91 0.342362 5239.53
0.331727 0.210323 2.22341 4.78013 823.726 0.187727 5240.79
0.53773 1.28367 5.16643 0.17706 2246.44 0.00550778 5076.72
1.4716 7.28257 3.0338 2.74033 5120.87 0.251197 4971.55
3.78301 8.94663 1.37705 4.86684 5323.52 0.0856395 5315.49
0.226983 1.1142 1.52257 0.133934 1592.29 0.00632447 5144.56
10.5848 3.36916 9.62277 3.33612 2059.41 0.0893935 5427.13
19.5196 1.63337 3.53874 7.26128 3523.98 0.0382766 5010.45
10.2046 8.10442 6.76504 1.82961 3192.47 0.0256147 5017.45
3.22302 9.20343 1.67764 8.87847 13805.9 0.100431 5270.14
9.92297 9.33622 2.89411 0.837461 2681.53 0.0205393 5440.48
0.350067 2.2305 2.56869 0.608789 2318.7 0.0318207 5023.45
0.280689 0.310455 2.64543 0.226052 1708.21 0.00896018 5208.29
0.294822 0.12033 1.9887 0.369833 2668.18 0.00312081 5300.61
0.771783 9.2099 6.70971 8.60806 8762.18 0.321116 5162.02
0.206375 1.38584 0.178252 0.0284535 1558.91 0.0127958 5451.5
0.281755 7.01682 1.82525 2.7685 1930.06 0.418824 5135.99
0.280917 6.25245 0.798739 8.41664 776.572 0.216474 5028.72
0.388658 0.0325793 0.0293572 0.296 2090.65 0.0267322 4918.41
0.283926 0.46638 0.188832 0.0118747 1142.96 0.0111222 5005.36
0.219262 0.78472 0.77887 0.158533 2190.82 0.0347297 5104.95
0.354821 8.38365 6.24762 0.607361 3374.21 0.00215919 5333.17
10.7837 9.44338 2.01802 7.74885 6825.31 0.327739 4969.84
0.364959 1.11612 1.63128 0.135317 1177.08 0.0121566 5019.65
0.512567 0.897997 0.123572 0.0692368 1024.94 0.0103039 5829.51
0.237306 0.0164391 2.94758 0.103946 2544.1 0.0253995 5792.39
5.14754 7.2588 5.68584 7.40829 3468.99 0.258349 4923.52
0.410226 1.70042 0.680492 0.285409 1409.26 0.000982499 5227.2
0.475596 0.264958 0.613057 0.290978 935.452 0.00828162 5100.47
1.89977 7.13133 1.14285 8.6218 2230.08 0.191838 5198.12
0.397447 3.46632 0.0557176 0.41886 2516.2 0.0182914 5877.01
1.39066 4.54235 1.22098 9.21263 5053.01 0.439568 5072.64
10.2772 9.19094 7.43548 9.01575 815.252 0.000411136 5581.93
18.7815 7.16213 0.320272 1.89597 10647 0.0300287 4903.32
0.202418 1.07668 0.21047 0.541356 4542.09 0.0325854 5065.45
16.9457 1.04126 7.59347 5.32855 1420.25 0.0211348 4937.79
4.25425 3.48212 5.9394 5.71674 3775.1 0.476048 5245.53
14.601 4.53235 1.32792 3.88643 1362.58 0.00609081 4981.23
15.4588 3.35638 3.59072 8.02191 3162.08 0.00854238 5481.33
0.273661 0.740141 1.12087 0.0027638 665.766 0.00157234 5218.94
11.7433 5.06779 3.72486 0.87895 5477.68 0.0663624 4910.18
0.393799 2.00481 3.66483 0.299276 1533.96 0.0413265 5423.9
0.214731 0.366917 1.89943 0.0125287 1551.84 0.0241696 4981.21
0.362081 4.65069 4.77274 0.0353338 2573.44 0.00280367 5017.46
0.281327 1.45377 0.863878 0.0145287 1678.19 0.0103166 5012.49
9.47397 7.76099 8.91338 2.73498 2740.22 0.0488496 4907.77
4.74015 9.88887 0.525074 8.51295 1121.37 0.063337 5222.75
0.307586 0.234818 0.503693 0.195563 1632.17 0.00804644 5570.54
3.01261 6.83063 9.76086 1.97182 1336.05 0.00763467 5229.58
16.1785 4.26354 2.00165 6.54686 2313.63 0.0392511 5007.64
0.213418 0.394108 1.32111 0.0934303 1149.64 0.00965764 5548.68
19.3841 3.71033 2.45153 5.79125 3016.66 0.0327303 5572.18
0.332304 7.1573 3.01792 0.339623 3823.74 0.00232272 5027.74
6.85914 2.29046 2.75583 3.31034 7179.79 0.298991 5105.1
0.231495 0.785721 0.71153 0.0782925 906.813 0.00318193 5102.3
4.30609 2.88335 9.992 1.41066 2142.87 0.116854 4914.68
0.373878 0.549426 0.097952 0.135074 686.954 0.00639262 5682.21
3.18659 7.52268 4.2607 3.77216 1304.97 0.126436 4932.88
18.6752 5.90897 2.88914 6.48602 3009.15 0.0455102 5465.92
0.412475 9.29978 1.23936 2.54552 1031.88 0.251956 5219.42
11.7764 0.505348 4.83643 5.40127 8055.05 0.0826066 5464.48
19.6426 7.16151 4.4443 4.54621 4058.73 0.0424922 5210.29
2.76938 4.5956 7.56882 7.59124 5529.31 0.123661 5020.93
3.1651 3.62952 4.00502 5.76904 5954.37 0.490173 5136.05
7.07818 1.94931 4.421 7.60887 1412.29 0.0900065 4941.67
2.83435 7.7493 3.85066 7.56192 2590.3 0.363727 4938.77
0.219374 0.0587172 0.504094 0.0828329 1493.57 0.0299091 5043.52
8.69362 0.695343 1.45212 5.14577 3166.14 0.0347595 5887.15
0.403656 3.13528 5.85305 0.488041 4962.43 0.0652302 5573
2.23964 8.9542 2.57915 2.39784 687.999 0.11959 5439.46
4.95343 4.44294 9.84951 5.12187 6425.16 0.230541 5186.79
0.248473 1.00097 7.90913 0.653576 6802.83 0.0205874 5618.77
0.257919 2.66287 1.18459 0.0483923 1672.42 0.000180043 5700.19
0.394951 3.52153 1.6955 0.0459063 2053.25 0.00261088 5652.23
7.34386 2.34363 5.80067 2.94204 11130.5 0.287879 5145.13
0.321903 3.23164 2.15361 0.336872 1875.58 0.00575562 5496.62
0.336891 0.982082 0.582331 0.110983 775.917 0.000930049 5201.39
0.212705 0.866226 0.598474 0.255735 2150.97 0.00250219 5002.59
1.7256 5.47876 0.0463677 4.54486 10461.3 0.452977 5385.55
4.74941 0.6813 0.361198 4.44945 1661.75 0.0767742 5671.12
0.369414 3.91956 2.74881 0.589851 3268.21 0.0390121 5643.67
0.241824 0.380146 0.306686 0.0443747 639.022 0.000193375 5141.89
4.52283 3.26255 2.4783 7.80941 1500.88 0.133777 5454.6
13.8709 6.19908 1.86981 2.39139 2261.91 0.00342435 5057.67
1.36763 3.34728 3.8326 8.3932 2674.92 0.339659 5454.33
0.237765 0.891881 1.33751 0.00768306 1074.88 0.0223778 5832.4
0.252955 0.439554 0.0834428 0.122106 884.298 0.00316311 5349.38
4.26293 0.729973 0.365781 5.33962 3178.48 0.225962 5164.58
11.2779 6.93238 6.30452 3.88897 2167.34 0.0431124 5709.97
0.220776 0.0409716 0.0569302 0.0336412 671.283 0.00864584 4960.75
11.4865 9.78825 5.08818 5.34329 2631.83 0.0266571 5526.71
4.36867 7.94859 5.7541 7.0621 1493.27 0.0891174 5800.74
0.228168 0.00531757 0.513461 0.0472289 1002.84 0.00152611 5077.73
0.371533 0.864946 3.24729 0.413863 1737.76 0.0183279 5374.16
0.250215 0.287621 0.597009 0.00587944 1476.71 0.0153658 5476.65
0.353519 0.0403569 0.417284 0.0382953 696.24 0.0120523 4941.36
19.3456 3.27529 0.249905 1.05486 4345.23 0.0507993 5120.16
11.7258 0.717502 7.3569 6.42489 6005.19 0.0541703 5533.08
2.01805 1.73212 3.85875 8.2462 1732.95 0.149168 5140.36
4.21936 4.8378 9.69688 2.35904 3898.97 0.194399 5112.66
0.510281 2.22413 0.630521 0.188351 1597.11 0.0150606 5042.59
18.2184 5.54965 1.86921 8.79932 1041.37 0.0173762 5293.71
0.430324 2.64015 2.73482 0.859696 3188.45 0.0176615 4961.16
15.7678 0.385407 3.96223 8.61107 2311.88 0.0190479 5002.44
1.18666 3.87092 3.13322 8.42152 6263.59 0.356391 5106.1
0.666961 5.78737 2.49364 2.53469 8529.64 0.0639434 5432.52
0.265727 0.28574 0.0960384 0.0247168 677.995 0.00218657 5052.37
1.65748 7.04773 5.11456 3.54662 3588.03 0.428917 5072.61
0.28754 1.34264 0.769167 0.643274 6049.6 0.0275143 4930.93
0.282395 4.88239 0.634253 0.139097 1956.57 0.0226624 5351.69
0.26284 2.01298 1.21885 0.176915 2430.28 0.00150983 5123.26
13.9348 8.03834 9.84932 1.93408 4572.99 0.0369346 4928.1
2.74743 2.37424 6.24201 2.70682 10032.3 0.247303 5471.25
10.065 0.528809 8.88423 8.88937 1545.83 0.0442418 5347.25
0.205624 0.719308 0.285348 0.00250629 619.64 0.00433323 4953.6
10.2472 5.01932 8.91772 8.92969 3565.1 0.195506 5641.96
2.92185 2.3216 8.96081 8.74276 6376.33 0.444304 4900.79
0.23801 0.308369 0.397271 0.0153413 881.603 0.00901296 5651.92
18.1816 7.78043 4.51899 8.93761 3126.46 0.0442558 5058.93
2.22588 6.25518 9.61999 6.88717 1678.76 0.118898 4971.69
0.324617 1.79149 3.34698 0.0413112 1412.18 0.0121434 4963.42
17.5914 8.54494 0.773327 1.12119 3136.02 0.0668869 4931.77
0.274505 0.262606 0.0628948 0.0410127 506.392 0.00362681 5115.93
2.57403 9.24767 3.86768 6.7255 2238.35 0.0921613 4952.63
0.210896 0.386072 0.585206 0.0564417 1177.76 0.0063868 5623.58
4.48995 5.24391 3.03894 9.10069 4779.57 0.109281 4901.85
0.225805 3.26784 6.83062 8.36181 5987.21 0.409632 5293.29
1.89038 9.26421 3.88867 7.13138 7922.58 0.410974 5613.04
0.275074 0.185954 0.390522 0.056881 803.154 0.00777825 5407.85
0.449122 0.621163 1.49167 0.141544 1132.74 0.00481115 5250.65
0.221153 4.13013 2.71769 0.0953758 2333.37 0.0397993 5320.81
0.206481 8.88973 0.314584 8.03783 614.676 0.000713015 5511.61
1.68602 9.05371 5.66601 3.15055 2498.16 0.361139 4946.71
2.27337 7.65787 6.84459 3.13019 2520.19 0.172708 5135.66
14.3556 4.94136 5.47601 6.13532 4479.11 0.0633974 5084.46
0.752731 0.943141 5.60461 7.21071 2168.18 0.282734 5197
11.4112 2.20491 7.80654 9.15549 981.279 0.00422903 5012.72
0.289159 3.16544 3.56949 0.0201595 2176 0.00409075 4944.21
0.341317 1.45792 0.842223 0.118097 883.94 0.00196462 5386.37
0.299631 3.01693 0.887961 0.308486 3261.53 0.0161948 5092.35
0.22757 0.885785 1.04505 0.261971 3383.67 0.0133746 5236.33
7.51974 3.0632 6.82398 7.14165 1312.77 0.079763 4951.18
0.227871 0.630033 1.59542 0.163611 3093.31 0.00460499 5275.8
8.84205 9.15603 6.67492 3.38799 2967.48 0.0706915 5001.28
12.5715 0.348107 6.59838 8.2237 594.033 0.0234211 5052.62
0.27009 0.429687 0.609337 0.206252 1249.11 0.0128948 4933.2
0.222433 0.583152 0.103122 0.00904917 952.935 0.010624 5115.76
1.70458 8.47373 6.09906 1.65841 1192.58 0.235727 5064.88
0.251848 0.691014 0.0632525 0.0036364 1835.75 0.00897802 5219.55
0.369052 6.23623 1.33299 0.0947033 1687.39 0.0186589 4996.51
0.3339 3.30013 2.57838 0.270348 1893.14 0.0158475 5310.5
8.04724 9.83359 7.10195 6.15684 6857 0.270449 5368.14
0.711778 9.71565 1.00318 3.97706 11054.9 0.211571 4929.73
2.73138 7.16792 6.13353 8.74015 6023.99 0.117069 4919.57
0.255561 0.636457 0.216679 0.0463769 1918.14 0.0361649 5687.73
19.1375 3.26538 0.0735208 9.50437 2731.21 0.0143282 5356.08
6.50427 8.80115 5.586 9.15584 1897.23 0.0930947 4948.09
0.303274 1.03795 0.855958 0.0528483 965.378 0.00574011 5277.74
6.76494 3.791 9.48386 6.39073 1243.98 0.039689 5108.52
0.375691 2.38706 7.20006 0.272418 5048.26 0.0293313 4934.78
0.432217 3.87112 0.700891 0.537239 2812.11 0.0289525 5164.38
14.1167 2.81295 4.14382 9.50125 2112.47 0.0477233 5010.02
1.85647 3.94219 8.13054 9.54235 1405.55 0.190221 5826.95
4.72614 1.87644 3.3441 4.94239 3771.75 0.0670433 5039.41
0.966002 3.7556 8.87781 8.41462 2457.55 0.355337 5148.41
5.00584 7.87047 4.8573 3.36611 2491.76 0.0719189 5048.38
0.954761 6.08604 0.0647652 7.55753 677.813 0.0148564 5408.88
0.3187 1.96046 4.91758 0.3718 3203.56 0.00574473 5907.96
1.68917 1.37265 7.04385 6.00646 5775.56 0.055972 4955.9
5.69049 6.06047 8.72937 6.882 3479.89 0.259105 5177.08
9.97093 5.59909 5.74322 0.691516 5423.73 0.00928626 5219.77
19.5346 1.18842 5.99579 9.7522 2984.67 0.0196154 4957.01
1.13013 3.12114 4.60629 6.28107 6441.01 0.469482 5164.41
7.96343 0.295742 7.25039 7.57944 3277.72 0.20026 5766.81
0.229461 0.15618 1.0457 0.122016 2438.48 1.81295e-05 4907.41
0.26865 0.668598 0.973458 0.048665 3432.03 0.0324243 5215.43
7.19287 3.6642 9.43126 1.63126 11294.9 0.0486275 5687.63
0.342141 0.0024866 1.47627 0.0180118 1111.74 0.00915457 4983.8
0.213926 1.13779 0.290221 0.0346342 1111.37 0.0149718 5448.48
5.65849 7.32145 6.25561 2.4036 5660.38 0.328663 5035.84
0.271546 0.758915 0.0755631 0.122913 2199.15 0.000940669 5051.71
1.68215 9.80799 1.39963 0.502068 1745.83 0.21778 5020.86
0.484506 0.579559 0.155857 0.141228 680.445 0.016007 4913.76
0.250516 1.20395 2.83649 0.341866 2714.18 0.0191269 4928.2
0.204759 0.294102 0.286045 0.0330917 504.471 0.00302521 5564.69
13.2489 9.95245 0.273316 3.07262 4186.54 0.0428411 4985.78
0.214145 1.08985 0.185524 0.169631 1729.01 0.0317781 4918.1
2.79078 9.69197 1.4656 7.26242 1413.06 0.0474305 5368.25
11.3743 6.05767 4.31627 3.82542 5501.23 0.0514465 5045.11
6.0377 6.97894 2.14255 9.39694 2036.52 0.0957234 5861.54
2.75269 8.74796 4.89878 8.63058 3061.08 0.0385466 5522.28
5.12587 0.741821 8.90946 4.22868 2722.88 0.0634547 5023.61
5.24337 5.46118 7.91005 6.60991 3247.03 0.185294 4972.49
0.23636 1.65593 2.99355 0.0295627 3766.49 0.00413209 5091.88
0.428464 1.18198 2.03059 8.91285 1147.15 0.300851 5830.2
5.99944 3.36905 9.07063 2.76717 1316.04 0.00228941 5159.25
5.90495 5.38528 3.1086 3.96005 5380.14 0.0569949 5030.28
0.402441 1.70827 8.77088 7.70659 2744.8 0.327361 5043.45
0.228928 0.251817 0.270387 0.0138483 578.157 0.00261646 4935.28
0.24668 2.02874 0.518951 0.135311 1829.93 0.00315022 4922.44
0.246071 3.80118 7.1976 0.187856 6921.47 0.0394258 5215.79
0.384493 0.192601 2.53498 0.202533 707.61 0.260202 5051.49
7.17679 7.57599 3.46882 4.1704 809.217 0.0324158 5044.24
2.54413 5.17684 0.641172 8.32136 11483.1 0.380109 5204
0.207046 2.15269 1.37146 0.0411101 2764.93 0.0243199 4988.84
0.312071 3.39163 2.6642 0.223371 2836.02 0.00692774 5261.36
5.76827 9.92518 7.09069 5.69679 1658.58 0.0483616 5453.73
0.238079 0.595478 0.641061 0.141829 2062.77 0.00882397 5397.95
12.321 3.75946 3.19216 7.77214 1859.29 0.0252822 4944.41
0.310345 2.31528 1.38162 0.0281565 1357.34 0.0190948 5043.57
13.2093 7.70206 4.46021 8.1673 2802.54 0.0672516 4998.89
0.291371 2.53911 7.01876 0.461511 3161.72 0.0232962 5260.38
0.220083 0.498485 0.410745 0.031612 693.993 0.00570268 5618.99
0.235042 1.069 0.565979 0.109367 1686.76 0.00255121 5031.95
0.662282 0.592029 5.58875 9.51912 3816.03 0.41871 5018.16
0.473406 1.7307 4.09701 1.28801 5205.15 0.0488258 5014.36
12.2611 9.31639 3.87073 4.08116 2776.93 0.0215538 5039.97
0.223223 0.309762 0.644792 0.0491201 922.561 0.0040457 5356.62
0.250741 4.70494 0.433073 0.0994113 2501.61 0.00102098 5231.62
0.464043 0.398408 0.382077 0.00787998 692.782 0.0235779 4926.42
6.34122 5.20242 6.36325 1.23996 5320.64 0.14509 5248.45
2.79159 4.91733 1.03922 0.639862 4572.19 0.12838 5053.36
0.300171 0.588634 0.41236 0.165043 1565.58 0.00360666 5155.86
0.255056 0.0184561 7.30839 0.307444 6710.91 0.0350247 4904.53
0.234512 0.26062 0.759039 0.0192843 919.397 0.000330534 5756.26
10.8397 0.910749 8.26218 2.19427 6512.99 0.0465112 4999.46
2.90896 6.86 1.97787 6.9282 4124.27 0.192636 5561.63
0.251405 0.298373 0.775342 0.0345185 745.043 0.00342545 5052
11.0417 1.35627 1.42119 9.40618 683.563 0.0184345 5076.73
4.19535 0.415388 8.65103 9.26375 1301.44 0.169975 5132.14
9.60138 1.70348 3.5944 8.46179 2545.88 0.0647694 4994.26
8.72974 5.8538 1.65967 3.082 5060.82 0.204038 4937.46
0.354221 0.768361 0.176363 0.0602848 987.01 0.00562477 5194.97
0.249212 0.858403 0.792253 0.12847 1305.32 0.0163345 4927.72
18.6729 3.92902 2.96017 4.35622 1480.72 0.00466304 5152.05
0.340442 0.963883 1.15303 0.342273 3708.28 0.00683549 5103.15
14.0065 2.6317 4.24785 4.91054 2936.68 0.0281686 5156.01
12.1526 3.73652 9.81503 2.09798 1196.31 0.0241154 5046.07
20.0257 1.97744 6.36004 6.06344 2664.95 0.0349484 5297.48
16.7269 6.00235 0.428414 1.8047 1428.39 0.0011214 4910.66
0.514606 3.32148 0.080654 0.0522508 2233.59 0.00463243 4948.84
0.27252 1.8562 0.0148503 0.0638322 1581.44 0.0062081 5668.41
0.489802 8.94358 0.163103 1.46006 6580.76 0.0544082 5043.64
0.241755 0.078928 2.35434 0.0621732 1487.93 0.016183 4962.47
0.252225 0.375593 0.14985 0.0836953 796.911 0.00128474 5123.96
9.00246 0.595643 9.19527 7.13258 2074.8 0.0660054 4912.41
0.35242 0.627663 1.47424 0.555123 2302.98 0.00139188 5365.21
0.469587 9.9003 3.0355 6.20528 2747.19 0.489191 5423.93
0.401191 4.69851 0.88561 6.34563 11473.2 0.157911 5052.96
0.201112 0.0603579 1.10089 0.0877625 2069.86 0.00530879 5038.73
0.349815 7.62158 8.12329 0.384432 3685.89 0.00986745 4969.87
0.219202 2.03104 2.23848 0.160042 1914.53 0.0065754 5543.04
0.309229 0.431953 1.04746 0.0561717 701.803 0.00704455 4937.6
3.09721 8.69728 7.98847 6.38078 1900.19 0.0899724 5202.47
0.243477 0.900551 0.408763 0.0393372 1320.39 0.0109415 5099.53
19.0683 9.1874 2.85459 4.04306 2936.08 0.0614707 4906.79
0.228832 0.98975 1.70129 0.029744 1551.34 0.0104152 4900.19
7.00552 1.3392 9.53475 5.98298 7875.61 0.0910373 4938.52
2.06203 9.55816 6.70869 6.4255 2266.61 0.151455 4977.42
1.19508 2.20029 2.89056 5.71396 7115.69 0.459849 5199.27
1.33192 8.20218 9.04711 7.36505 2133.6 0.242165 5341.12
5.5581 3.99628 3.7364 8.90056 1939.76 0.150747 4984.84
0.346485 0.248442 0.643184 0.015316 847.401 0.00116199 4970.64
5.65105 7.55788 0.758455 9.9904 1931.53 0.128596 5190.54
0.274013 3.46994 1.82896 0.282 4132.83 0.00884137 5080.46
0.426572 0.190905 0.593968 0.130569 862.179 0.00504008 4901.66
0.35033 0.159186 1.40684 0.0668331 866.836 0.0111028 5033.39
0.252711 0.666391 0.298125 0.010454 711.64 0.0129878 5416.75
0.207648 0.907777 0.705378 0.0388619 5025.81 0.0746503 5842.72
0.335399 0.770781 0.120861 0.230368 3053.21 0.0092907 5511.7
0.929984 7.98573 3.79606 7.76848 2277.58 0.186492 5102.88
1.18028 2.97042 9.79296 9.88922 5388.64 0.186394 5590.54
0.66316 2.96931 1.10513 8.31615 839.977 0.347571 5047.57
0.528003 2.07026 1.99939 0.764518 2550.96 0.0129326 5715.8
8.98147 9.67641 0.581174 2.03011 6957.15 0.0846141 4944.76
9.05011 6.06717 6.66675 5.01877 5403.72 0.187281 5005.13
9.381 9.30862 1.56309 2.76545 2778.44 0.0680094 5557.86
0.251744 0.299616 0.73279 0.118974 2606.94 0.0418421 5239.38
0.680956 5.12614 3.93575 9.00049 5063.96 0.403979 5453.23
10.3424 1.6938 4.08732 9.3519 4662.4 0.197113 4901.41
0.24514 1.1874 0.0538209 0.0692949 818.098 0.0106653 5984.47
6.60593 2.03455 0.532207 4.61036 11060.1 0.288849 4979.04
0.218528 0.346882 1.78045 0.00350002 1931.18 0.0254309 5279.03
16.205 9.14644 1.73498 4.23639 9370.66 0.0532918 5230.16
6.62566 9.54991 5.55086 6.41585 2464.23 0.0491729 4907.01
3.25179 9.22737 7.20237 4.31895 1702.97 0.100171 4904.57
0.268484 0.685316 0.0511621 0.0914821 2017.23 0.000594347 4990.12
0.277786 2.05929 1.36395 0.262726 1612.04 0.0166275 5307.98
0.405827 1.93807 2.4803 0.253307 1392.46 0.0142234 5138.17
0.224518 0.196334 1.2983 0.155635 1483.04 0.00336703 4944.28
0.271115 0.842357 5.20119 0.0595228 5053.57 0.00712578 5231.43
0.214473 1.07705 0.0435987 0.0138012 2436.37 0.0145329 5331.57
16.7636 7.14339 3.92125 4.05953 3828.29 0.22785 4949.46
0.308326 4.23919 2.0459 1.58202 3687.53 0.360934 5684.36
0.563064 8.19847 5.4556 0.539547 3658.3 0.0102543 4963.12
15.7744 7.29106 2.27358 4.08809 4234.49 0.00759026 5162.88
0.209948 2.06449 1.84155 0.180799 3470.22 0.0552439 5087.48
18.6526 6.96183 1.80036 0.190152 4086.41 0.00880666 5516.01
8.48567 0.729425 3.63457 7.75906 7372.76 0.265875 5283.75
0.296637 0.251934 1.29992 0.00222188 809.495 0.00503657 4913.35
7.70597 2.26662 6.40792 0.510955 1502.12 0.0992065 5044.18
0.352053 1.61634 1.89866 0.17533 3476.75 0.0479078 5488.67
12.4539 6.42041 5.2254 3.30217 1570.26 0.0694699 5252.65
9.26937 4.49508 3.96405 7.8453 2459.73 0.050622 5098.31
0.232788 0.559013 0.943988 0.0233405 754.322 0.0061783 5095.24
0.3741 1.47753 2.00495 0.147171 1774.7 0.0238384 5471.33
2.24311 5.5196 1.37555 5.52498 4823.82 0.446402 5779.74
0.316894 2.35682 0.895828 0.136858 1816.71 0.0299767 5398.06
7.30404 3.98918 2.98876 5.19115 4060.78 0.197115 5369.92
0.210321 2.08827 1.75879 0.014412 1827.66 0.0136783 4993.55
8.41621 9.44443 0.200649 3.52974 4957.96 0.22578 5156.59
0.223205 2.07699 0.412355 0.445056 3503.83 0.0300493 4952.41
0.211415 0.784505 2.05765 0.0862999 2453.23 0.00811799 4900.1
7.56819 9.02396 8.65503 3.09478 3599.07 0.0114951 4991.34
0.213027 0.535284 0.160174 0.132667 1612.22 0.0209315 5194.53
0.236011 3.25974 3.10323 0.248319 3719.27 0.0369983 5546.88
17.8719 6.51523 8.54245 2.74662 2497.49 0.0633691 4977.09
4.69185 2.31898 7.25842 6.11514 2442.64 0.255599 4936.82
0.654126 9.64094 8.02914 8.90023 3006.93 0.360699 5066.51
0.482889 1.1164 2.14139 0.0418943 1907.12 0.0116418 5280.9
0.455314 0.542358 1.70214 0.187011 2773.31 0.00616487 5012.4
0.388642 6.73055 9.21675 0.464795 4682.06 0.0642989 5209.87
6.41943 6.84648 4.78341 5.01055 2140.6 0.00543939 5224.92
14.1638 1.5588 7.30788 0.869961 3522.07 0.00228215 5020.38
0.225391 0.601372 1.41338 0.0348581 1260 0.0116269 5134.6
0.352888 2.82311 0.520395 0.00323445 1290.5 0.0162497 4932.68
0.217332 1.80031 2.62702 0.0532587 2426.55 0.00816472 4957.95
0.46279 1.91665 3.53307 9.70256 1685.95 0.446512 5000.27
8.20043 1.75721 3.22555 7.76181 2614.57 0.126067 5031.94
0.26416 0.397538 0.147535 0.0059534 933.457 0.00752504 5522.79
14.8994 7.93814 0.445643 1.41885 4684.58 0.0850849 5185.13
0.478748 9.79173 1.72167 9.03338 6924.74 0.34203 4919.04
10.2549 0.587237 0.549899 0.459909 6556.19 0.0769878 4923.87
0.269795 0.594947 0.355819 0.117337 1589.14 0.00539044 5301.07
0.362891 4.88136 0.0184993 0.20421 5518.74 0.00888017 5270.35
0.435866 0.874366 0.725379 0.0693651 1004.58 0.00156018 5022.6
12.7159 9.56493 3.6263 2.2532 2157.16 0.0858681 5404.39
11.1 0.910822 2.39399 9.12814 2440.52 0.0611468 5173.21
0.276904 0.318582 1.04079 0.109672 1215.83 0.00465149 5854.28
0.363357 2.1015 4.66154 0.047302 1392.1 0.0065118 5089.83
0.282481 0.286079 0.633665 0.0768857 1965.43 0.00614777 4906.85
5.41163 6.92907 6.41435 2.10289 3562.5 0.131782 5516.99
3.02421 5.39951 6.65576 5.04426 5938.56 0.276277 5390.85
10.7324 1.33262 3.35251 2.96697 6240.19 0.34375 5013.33
0.245401 0.92855 0.204654 0.17096 3152.77 0.0431677 5230.08
0.232877 0.712908 0.210173 0.0593395 2249.31 0.015698 5012.73
0.361115 0.0384989 5.09419 0.104252 5905.52 0.0287886 5039.69
19.3771 8.2234 9.06371 4.15818 559.826 0.00131225 5125.49
9.10625 6.28871 2.06916 3.71838 6515.26 0.227878 5273.66
0.328881 1.61671 1.00062 0.0750832 1176.72 0.0199064 4916.43
0.209193 0.390337 0.600616 0.0261432 913.102 0.00602073 5244.61
0.539944 6.03337 0.38306 2.213 5191.92 0.0233227 5115.14
3.42043 8.53632 2.58192 9.29965 901.698 0.0259587 4992.93
3.83963 0.671295 4.55978 7.72865 10766.8 0.113158 5017.57
0.313423 1.90812 0.00348683 0.273273 1567.43 0.000340515 5021.84
3.90844 1.1249 3.03558 8.53543 2763.07 0.232257 4915.69
3.58789 9.99141 5.489 7.69944 3773.24 0.078756 5023.89
7.0704 1.96669 8.97221 8.16612 4894.45 0.187083 5240.54
0.324875 2.10957 1.14792 0.137599 1475.03 0.00540564 4916.58
0.211456 0.147762 0.648673 0.015855 1158.55 0.0121133 4923.31
0.317627 1.1197 0.950609 0.171058 2748.48 0.0119835 5606.56
16.6467 7.13815 1.77128 7.88503 1677.97 0.0111727 4907.22
5.92678 9.51511 4.26942 8.44854 595.366 0.027703 5064.66
0.216999 0.512905 0.195622 0.0481083 999.263 0.00526292 5524.62
0.38038 5.25648 0.58009 0.04555 1512.82 0.0174848 4983.8
13.6897 0.532522 1.61643 9.51117 6876.69 0.0802146 5933.32
7.90932 5.84495 1.04429 2.87161 5049.68 0.0482861 5269.5
17.7811 1.53933 3.91871 1.24428 3545.38 0.0190795 5128.12
0.240185 0.0549503 1.47046 0.146402 902.045 0.017855 5091.5
11.7105 5.16958 6.30886 2.60049 1173.82 0.00623569 5278.44
0.31149 0.921684 0.0257906 0.00540596 1298.43 0.021065 4968.06
0.260133 1.51297 0.583036 0.398141 5101.66 0.0253825 4961.62
1.16465 9.2025 5.24884 7.84436 3167.49 0.186058 5044.14
15.5619 7.83993 8.74828 9.42198 2343.69 0.0297577 5394.63
10.7154 2.58003 8.56342 1.07023 2283.7 0.0442695 5265.76
0.357661 0.70797 1.5094 0.0814144 1625.3 0.00502431 5046.08
6.84932 3.65452 9.33928 4.348 1139 0.0369038 4992.48
0.211316 2.49651 2.48195 0.102249 2236.39 0.00909551 4928.63
2.89896 7.06425 2.47073 5.51664 700.405 0.028835 5307.5
0.255255 0.147432 0.302083 0.0720467 990.658 0.0122287 4985.58
7.86156 2.26202 6.29594 4.90813 3471.73 0.0979598 5096.53
0.285313 3.30706 2.60853 6.72114 4046.32 0.389962 5541.4
0.207905 2.23581 0.869735 0.0291016 2452.52 0.0142372 5111.82
6.31739 5.29747 2.8923 5.22925 5779.19 0.231123 5416.89
13.3862 0.9063 4.01314 2.28352 2377.79 0.0567672 4947.77
0.22578 1.3511 0.638598 0.191932 2215.2 0.00354581 5081.05
0.215534 0.274827 1.84022 0.0687212 1314.79 0.00930334 5059.94
0.213467 0.411515 0.180839 0.19336 2453.64 0.0350967 5150.54
13.3227 0.365034 2.98976 7.85331 3157.11 0.0260366 5034.32
3.48136 2.26869 2.49751 6.63214 3743.79 0.218655 5236.92
0.230586 0.196959 0.175971 0.154738 2095.05 0.0121771 4959.99
18.2477 3.95345 5.74463 2.628 3241.65 0.0919287 5346.01
17.0204 4.3613 1.27783 0.953125 11660.3 0.120401 4977.29
11.6969 3.6696 4.38989 7.80616 4770.22 0.0504662 5025.22
0.237986 2.23836 0.729807 0.38603 2288.76 0.00328731 5076.47
19.4006 4.43485 1.31735 1.19536 6123.34 0.13239 4947.49
11.7639 1.18727 0.844759 0.00579753 5820.71 0.127055 5336.79
14.0465 8.00054 0.82365 7.28626 3028.39 0.00773923 5055.04
0.283916 4.96341 0.595978 0.0347159 4454.25 0.0814444 5107.6
14.4061 4.20621 3.50662 7.74258 2671.16 0.0300481 5137.35
0.261198 0.00367354 0.474261 0.0451112 841.113 0.00280269 4903.61
0.423934 0.509272 0.145285 0.261674 1125.03 0.0120372 5006.95
2.78444 9.71204 6.33082 7.45867 599.386 0.0631396 5145.39
0.347778 1.59989 1.43228 0.154451 1931.49 0.000887995 5107.95
0.268465 2.14391 0.609609 6.79452 1412.43 0.287336 5324.48
0.232511 2.86041 1.04132 0.243642 4000.65 0.0154202 4928.8
0.248673 3.67427 0.550993 0.125989 2745.68 0.0160382 5660.66
12.7776 2.65248 1.12416 7.15697 3180.22 0.0191587 5917.55
0.293675 0.196544 1.03468 0.0995801 1179.74 0.0186003 5072.89
0.523118 0.65496 0.0232953 0.162825 794.916 0.00785694 5096.88
0.345065 2.76446 2.74013 0.459364 2462.88 0.02584 5006.47
12.7895 9.02101 4.7333 2.31463 2071.16 0.0865374 5273.3
5.98347 9.20906 2.88872 9.58501 5098.98 0.312778 4981.98
12.8663 1.48875 0.0204754 9.96059 5429.54 0.0433758 4957.06
0.216603 0.621028 0.732193 0.142436 4135.02 0.0512861 5230.25
7.124 2.69339 0.302538 8.89877 2156.43 0.180831 5376.03
0.464775 4.678 4.88393 0.0808946 3584.34 0.00542193 5776.6
9.03138 4.06568 3.83049 8.24717 4186.71 0.0190241 5224.68
0.472797 3.98486 5.44146 0.179526 4565.07 0.0650467 4936.01
0.336914 0.581413 0.743015 0.266575 1468.27 0.0130987 5351.56
0.345577 0.548313 0.488 0.211901 1244.04 0.0183243 5164.79
10.5523 5.63867 3.42082 2.95876 5310.37 0.0941209 4975.17
0.211682 3.52613 0.806559 0.0671794 2733.76 0.0199462 5654.41
0.648096 7.11805 1.03622 7.04631 3665.63 0.382518 5588.08
1.98872 1.01876 4.82682 9.69652 4888.87 0.428281 4909.07
0.279418 0.116377 1.31916 0.00532183 848.044 0.0091194 4926.28
0.274258 7.13146 0.666076 0.135663 6693.85 0.00170105 5077.57
8.77902 6.31146 2.98182 7.06108 2353.07 0.151765 4936.89
1.17263 7.44472 0.573039 7.45817 1485.6 0.314343 4983.73
0.224404 1.41255 0.769871 0.149659 2265.73 0.0328178 4933.95
9.11077 3.39325 6.81802 2.63905 7120.6 0.109464 5291.37
0.312426 0.222337 0.54922 0.141038 1491.06 0.0121283 4960.51
2.33238 9.36818 8.47433 5.30097 5858.08 0.264193 5165.48
0.430341 1.07564 6.11856 0.0145799 2529.1 0.0785634 5131.52
0.287973 7.39953 1.38484 4.51957 1736.03 0.472624 4958.74
0.248784 2.03156 7.69844 6.24189 2470.16 0.337793 4907.72
0.203068 0.654732 1.69705 0.102415 1744.69 0.00281708 5235.82
0.275713 2.88396 3.06414 0.3781 3554.9 0.0220294 5255.09
13.8238 3.02194 5.67195 2.66241 6895.19 0.00349286 5459.13
1.967 9.95855 9.16263 2.92235 1410.96 0.43289 5305.9
10.9254 1.0586 2.9865 0.0815751 544.666 0.00890044 5328.49
7.8328 5.91275 2.59203 8.62905 2454.95 0.0233649 5092.51
3.99815 5.55057 8.5679 8.78628 3409.7 0.0971909 5171.99
5.93626 4.66443 2.91686 2.6533 5991.79 0.156099 5251.65
0.262932 1.40698 1.68981 0.059187 1981.47 0.00671884 5182.37
15.7559 4.02154 5.97291 2.4717 2268.06 0.0432392 5068.87
0.371617 0.116677 1.33252 0.0536143 610.332 0.00469236 4976.76
10.3025 8.2196 1.46865 4.74791 2003.29 0.10569 4906.67
0.264141 0.901121 0.190316 0.157775 1962.2 0.00596048 5208.8
0.699184 5.77421 7.91458 8.35898 1711.74 0.342051 4927.52
0.460843 1.09228 0.779728 0.073494 1646.93 0.0150176 5017.2
0.441806 2.64642 0.646796 0.243275 1183.79 0.00987512 5852.01
0.313461 1.20707 7.55007 0.798879 5472.77 0.0677338 4931.25
0.2121 0.913273 0.109491 0.13481 841.396 0.0122872 4986.44
0.220047 1.32799 1.57224 0.0355026 1548.53 0.00918351 4966.29
0.353953 0.680418 7.40477 1.38337 8542 0.0950196 5004.28
0.275938 2.54508 1.38242 0.556199 3143.87 0.000274978 4987.11
1.61484 2.32083 7.69852 0.812991 2572.51 0.22264 5305.62
0.287428 0.368074 0.236766 0.0346523 610.651 0.0124899 5270.51
0.223732 1.33103 1.28564 0.0663318 2155.99 0.0230355 5115.5
0.202295 1.00509 0.70358 0.0978805 1794.99 0.0158423 5140.9
0.423176 7.0416 1.26468 5.69451 1175.59 0.0531624 5590.1
0.455729 2.94391 2.60952 0.0571679 1519.44 0.0236204 5091.24
0.61353 0.0207632 0.61084 0.185303 638.888 0.0053768 5121.44
0.615456 5.31323 0.599368 8.14761 2809.72 0.0849262 4965.8
4.68686 7.51774 8.00313 5.07427 3135.05 0.157193 4952.3
11.8514 2.94999 5.76168 1.50279 5635.44 0.204761 5315.29
0.236429 1.52972 0.630172 0.104251 1449.63 0.0108527 5472.58
0.347268 3.03899 0.855946 0.0516828 1856.96 0.00395884 5015.4
0.480277 1.38802 2.04863 0.175164 1369.21 0.012468 4995.35
0.278388 1.6131 0.307705 0.115468 1408.83 0.00401012 5266.01
0.459544 2.55613 1.18298 0.331875 1862.79 0.0213435 4958.96
12.13 7.38551 5.5212 0.783732 4704.15 0.213508 5075.2
0.27618 2.80291 2.2151 0.349108 3268.45 0.00619828 5035.1
0.425122 2.28011 4.89793 0.118678 4151.14 0.00761056 5449.7
2.65865 9.95732 4.98903 8.85207 2719.04 0.248216 4947.7
0.235475 0.986978 2.42975 0.16647 2119.28 0.0129609 5038.65
11.5062 9.58167 4.55861 3.87134 2289.18 0.0292322 4995.72
0.354543 0.709123 0.32187 0.00369404 1158.67 0.0131386 4910.26
1.38203 4.13468 5.67941 7.85295 4268.2 0.418431 5018.5
0.480403 2.95557 1.99445 0.123951 2271.06 0.0240689 4928.98
0.317254 1.89069 1.10785 0.0272903 2595.05 0.027163 5324.61
2.34072 6.08312 4.80395 3.85142 2362.43 0.0351904 4990.26
0.212585 0.35168 0.0563406 0.0663323 1256.79 0.0107156 4942.08
11.201 8.09773 8.58777 6.92849 1546.05 0.023775 5060.73
0.249005 0.0685314 1.16533 0.0778586 761.463 0.0050692 4968.18
0.20707 3.51527 1.58765 0.0544779 2151.59 0.000845847 5171.49
14.8582 0.912741 4.80967 5.93731 8011.14 0.110255 4909.14
1.71131 3.20624 1.52061 4.23246 3960.7 0.371129 5767.53
0.220317 0.200239 1.34135 0.0285205 3671.3 0.0397054 4951.74
0.380457 0.673933 0.20583 0.0163717 1091.59 0.0139318 5038.32
0.295177 2.3035 0.626043 0.00199586 3449.57 0.0510209 5092.7
0.364444 0.716718 2.05152 0.381661 2404.33 0.0195062 4990.68
0.242366 3.63964 1.54015 0.114038 3765.27 0.0330464 5018.18
0.553235 3.56328 2.95458 6.07601 3603.71 0.348 5580.58
3.86907 4.01452 7.35742 0.437906 7473.66 0.436916 4994.3
2.53215 6.36315 8.83442 3.77289 3791.43 0.315454 5185.81
0.213584 4.95733 0.256045 0.42101 3997.54 0.0806597 5095.36
0.340806 4.24926 2.68518 0.796894 6730.87 0.00593227 4960.92
0.256485 0.116393 2.30222 0.0868446 3099.61 0.00679368 5076.75
2.02216 0.812891 0.741592 9.85831 3908.63 0.0762655 5240.69
0.34694 2.64246 1.59961 0.132133 2291.76 0.00934892 4933.03
0.308103 1.43408 0.564537 0.239335 3177.52 0.00512256 5921.95
0.252137 0.278426 0.879453 0.118499 1424.53 0.0109302 5242.93
0.220656 0.145956 0.895677 0.0318729 1834.68 0.00503069 4913.07
0.247546 0.276916 1.04023 0.189886 2038.46 0.010897 5730.12
0.408835 2.96489 3.66745 0.0395787 1459.85 0.0147103 5059.97
0.295182 0.761343 0.663428 0.116934 1471.05 0.00834946 5705.16
14.9498 9.70648 1.43563 2.02124 6993.62 0.0540271 4901.24
0.287867 1.8238 5.03095 0.108749 3046.7 0.022655 4926.79
14.4565 0.355773 2.39855 3.1815 8043.01 0.10967 4948.09
4.93803 6.81597 8.47336 5.36132 7854.81 0.286802 4964.04
0.207779 8.15437 4.321 8.7029 4508.82 0.483416 5482.06
0.202236 0.57948 0.105956 0.393378 3000.55 0.032212 5079.21
2.23403 8.91004 0.00594997 6.77394 592.114 0.140201 4971.42
11.0165 8.18303 8.53916 8.5393 1694.57 0.112738 5242.03
0.226176 1.17917 0.303434 0.158469 2120.06 0.00606657 4953.7
6.24221 2.46364 8.42456 6.85475 11167.7 0.168955 5103
2.95677 0.696576 1.61634 7.59809 12943.7 0.387136 5049.84
0.256111 0.675606 0.662806 0.0247169 1411.76 0.0135143 4954.7
3.03809 5.52135 0.630503 9.01347 998.02 0.0179815 5975.08
0.276416 0.909684 0.017308 0.0383268 881.684 0.00493009 5155.71
0.213487 7.09007 1.68323 7.39497 1445.84 0.230988 5149.6
0.267802 2.28754 4.08986 0.51673 3688.41 0.0170827 5643.04
6.50432 3.16083 3.95519 1.04967 4632.62 0.0114924 4962.21
1.38339 4.7051 7.37808 7.30498 2352.44 0.223756 5875.34
0.237051 0.268813 0.348412 0.00746448 795.683 0.0155435 5292.56
0.219876 0.0998924 0.499075 0.00122813 575.94 0.00474132 5188.52
1.134 3.0308 7.1296 2.15735 2689.99 0.233562 4920.54
0.223402 1.14236 0.783599 0.23921 1380.63 0.00647238 5028.41
12.6595 7.64731 5.81903 2.64637 2851.46 0.0476926 5685.31
15.2598 1.32851 1.7876 0.9506 5536.88 0.0662029 4904.86
0.270946 2.83369 0.912664 0.329766 6009.77 0.0285125 5017.07
0.241197 2.54496 2.77832 0.000237284 3955.23 0.0471922 4931.9
0.345475 0.271198 3.71858 0.00867528 3166.88 0.0353576 5376.68
0.22381 0.503355 0.660026 0.0367331 546.833 0.00346367 5085.82
0.231977 0.870051 0.272824 0.154852 2420.03 0.0297571 5352.61
0.257641 0.380632 0.0105459 0.0765418 611.755 0.00678516 4914.55
4.46244 2.9023 3.70296 2.14282 7564.87 0.182306 5443.69
0.437092 0.869962 0.309888 0.115548 912.252 0.0135912 5623.13
0.965893 1.85067 4.89759 4.53879 2995.3 0.0848475 5480.57
1.55087 6.79214 9.81654 9.74462 1576.6 0.242903 5181.23
0.255599 0.34304 0.0422009 0.0731385 568.541 0.00432243 4931.05
0.430127 5.02545 4.40146 0.271953 3381.49 0.0106522 5264.39
0.204154 0.0275893 0.534498 0.0172255 1037.99 0.00396953 5020.74
5.29236 2.18987 8.46784 1.51153 1128.01 0.035962 4982.88
5.92192 2.38226 6.66453 8.50506 3288.81 0.24922 5260.83
0.227853 0.00812175 0.140611 0.00653832 705.624 0.0130605 5625.04
0.350434 0.7032 0.86754 0.0209682 767.962 0.00119009 4958.35
0.201549 0.18828 0.385071 0.0267438 558.12 0.000651921 5157.17
0.220036 0.030554 0.0711021 0.0270829 871.297 0.0135645 4975.96
0.282067 0.311562 1.04178 0.00547687 1351.13 0.000531968 5356.2
0.330919 3.04347 2.19071 0.754967 6076.56 0.0183476 5316.11
0.219024 1.82322 0.558791 0.312956 3762.66 0.0147131 5384.85
3.08781 8.66241 8.12205 9.29949 2250.67 0.189193 4908.58
1.24865 6.87825 5.62656 2.07309 7878.34 0.261366 5213.6
0.730112 8.49373 6.51088 3.04326 3109.02 0.257066 5433.56
2.69967 3.89859 9.29707 5.38567 3155.47 0.0199999 5294.72
1.68651 7.37755 8.93669 4.15711 5040.92 0.0397896 4913.4
0.257168 4.95874 3.17385 0.838869 6099.74 0.00218254 4995.14
0.314777 0.53598 0.632542 0.42777 1779.1 0.00320645 5484.75
0.289004 0.764213 1.62082 0.212199 1990.84 0.00847034 5432.48
0.328545 1.91148 2.38694 0.113715 2120.48 0.0117901 4979.28
0.231231 0.398801 2.67936 0.0204735 3687.17 0.0335105 5726.19
15.7256 6.04044 3.71035 5.13383 2833.18 0.0498387 5368.36
6.96393 3.37825 5.18794 6.11283 2020.76 0.12483 5546.51
0.33704 0.366496 0.239379 0.0902616 1512.28 0.0264797 5056.11
18.6602 1.47517 2.3655 7.03136 3951.39 0.030021 5170.25
0.238659 0.929142 0.746117 0.176052 3140.31 0.0421952 5132.99
0.39802 1.99475 2.18713 0.141944 3027.35 0.0353126 5447.68
9.48517 2.20972 3.96689 3.56858 5167.73 0.125769 5064.08
0.319429 1.08589 0.569515 0.0242318 784.598 0.0278765 4971.61
0.205643 0.0322953 3.10782 0.00630809 3371.5 0.00470839 4974.89
0.387577 4.22568 0.731492 0.0996995 2574.2 0.033858 5012.98
2.75126 5.75473 8.9009 7.17595 1799.61 0.378286 4995.74
16.6118 8.10152 5.95679 6.92308 5241.55 0.336077 5891.68
0.277789 3.25083 0.210628 0.0760743 3572.02 0.016788 5416.63
0.40938 0.969696 0.285815 0.164291 1475.24 0.026699 5201.92
0.296737 0.385436 3.52911 0.00309673 4468.34 0.0403645 4913.93
0.22532 1.34144 0.628229 0.130544 1138.97 0.000335824 5254.73
0.334956 5.35113 1.71045 0.203485 2976.68 0.0143334 5219.1
2.83441 9.54486 5.4608 5.05949 5284.03 0.436702 5145.35
1.83713 5.2176 1.86428 7.40529 1647.64 0.0600548 4990.15
0.203667 0.419194 0.749249 0.0582891 3917.37 0.0118199 4996.77
10.4966 8.09077 0.467452 9.01427 2702.68 0.091191 4951.33
0.989413 3.81307 1.19631 5.95954 1442.56 0.133908 5345.57
0.472266 2.2083 5.214 6.17909 9763.13 0.490724 4979.42
1.07903 5.96037 0.911434 3.66517 5247.22 0.239073 5357.23
2.88233 3.50466 9.27157 6.64769 3775.97 0.126002 4992.03
0.368869 1.09501 3.50037 0.0560016 2564.2 0.0443565 4979.63
0.322438 0.654202 1.65578 0.209787 3977.83 0.0219151 5270.79
0.226159 5.76142 2.84845 0.642761 5242.17 0.029361 4981.02
0.940611 9.31355 8.8061 6.29107 2651.05 0.341261 4981.15
1.05585 5.36568 1.12625 4.00151 4175.75 0.0149744 4903.7
0.274976 1.37286 0.871245 0.0459745 1420.21 0.0295176 5333.1
0.374763 1.313 1.85262 0.456355 2741.42 0.0298716 5510.51
5.07429 4.30211 5.83378 1.27297 4336.71 0.137753 4980.69
3.97791 9.78079 0.809806 7.54671 3151.19 0.129502 5163.92
0.451911 0.700584 4.93643 0.0407351 1242.25 0.00553732 4950.33
0.30446 0.722257 0.600812 0.312481 2647.88 0.00178834 4909.55
3.38125 4.0872 6.50793 8.62194 3511.46 0.045742 5168.98
0.443952 0.926967 0.882867 0.197521 1414.03 0.00460573 4909.64
0.267365 0.0606496 0.317336 0.0292146 547.378 0.00349221 5069.77
0.205381 0.284376 0.204706 0.0417364 628.989 0.00824757 5284.04
0.248926 0.252376 2.22485 0.150562 2679.35 0.0318802 5213.04
4.99713 8.82005 4.37546 1.7041 2294.39 0.137098 4967.69
0.308711 1.06879 2.04117 0.0628753 1275.53 0.0171256 5010.47
0.223768 0.609401 0.283802 0.076776 975.868 0.000259417 5014.08
0.888068 8.43339 9.68721 8.18152 5623.58 0.0702549 5026.27
11.8793 2.33103 2.5915 4.47186 1132.28 0.00781152 5356.37
0.359994 0.993211 0.241984 0.079459 1583.34 0.0108053 4963.11
0.461148 2.81164 1.28827 0.00453518 2120.11 0.0278414 5712.63
0.34086 3.14823 5.21732 0.0018319 4622.59 0.007987 5346.11
0.200545 0.50417 0.477583 0.0348594 3147.81 0.0341825 5050.18
0.214717 1.5037 0.763419 0.0085279 2021.08 0.0046624 5417.25
0.222243 0.981136 0.985551 0.112157 955.655 0.0127978 5000.15
16.5878 0.0122997 0.425884 5.10334 3799.54 0.0428632 5085.98
10.599 9.33948 9.7131 8.02523 1003.32 0.00490493 5084.82
5.57227 7.15869 1.24652 3.00082 4094.07 0.396141 4916.23
0.255686 0.514207 0.899054 0.00345511 1557.33 0.0073721 5318.31
0.892776 0.964889 0.547338 5.64637 943.672 0.16311 4973.32
0.468364 5.23003 2.11987 0.0683265 2073.5 0.00191572 5521.42
17.5364 1.37364 1.80287 5.22998 3962.76 0.0536858 5445.18
0.234454 0.236917 1.55311 0.0687696 2936.14 0.00179532 5119.33
2.02778 3.53251 2.81693 6.46105 4051.93 0.0653928 4947.69
0.203774 1.66197 0.911942 0.186763 2849.63 0.0155079 4908.54
0.441935 6.4435 0.492729 0.271119 3096.61 0.0341237 4910.5
14.9958 9.07923 9.32074 0.628948 6107.11 0.175381 5189.19
0.286144 5.22094 0.476795 8.88343 1486.1 0.407058 4954.81
0.234397 0.82445 0.411449 0.141791 1114.05 0.00838738 5129.56
4.79505 1.78805 3.23713 7.43147 4796.32 0.110911 5008.26
0.208306 2.67928 3.87088 0.296861 3564.79 0.0537616 4960.38
6.93346 6.21957 2.42593 5.05914 7585.5 0.111463 5551.72
0.322259 1.72356 1.38394 0.0897298 2265.35 0.0104171 5610.68
0.234775 0.18965 3.47229 0.207997 3052.57 0.0134653 4955.85
0.231873 0.386299 0.530317 0.0458363 1174.66 0.00616883 5141.79
0.297454 2.46181 0.922945 0.227487 6683.56 0.0327494 5200.32
9.88434 5.83843 1.77317 1.44435 2517.07 0.023953 5239.3
0.205138 1.08339 1.43127 0.0920408 1731.12 0.0183943 5079.28
13.3909 2.74075 3.80232 5.07806 3890.66 0.0597254 5290.23
5.94739 7.61381 7.85485 8.94948 3613.74 0.0575296 4971.2
0.290269 0.835111 1.25261 0.2091 2373.07 0.00296011 5155.77
0.248447 1.85332 0.330231 0.0303577 1631.12 0.000687794 5046.26
0.235028 0.531427 0.41142 0.0651342 1269.48 0.00630209 5127.6
3.98005 5.40449 0.599133 7.59896 4596.02 0.137779 4939.71
0.534385 0.620965 5.09137 0.0802686 2843.32 0.00152658 5540.78
3.14741 6.5762 8.40036 6.29795 4441.89 0.441996 5307.79
6.73074 2.56047 6.45483 0.674557 2706.73 0.147692 4946.74
11.1054 3.68282 2.62048 4.16938 5079.95 0.11833 5024.3
7.88547 7.35339 0.721817 6.37694 5171.28 0.0165976 5164.05
8.51268 6.62572 5.53119 5.21468 1064.92 0.0763587 5906.82
1.97765 3.46856 3.8091 6.55431 916.884 0.0441616 4946.77
0.204131 0.777128 1.83907 0.05838 1448.28 0.017729 5268.55
15.4691 9.8176 2.45685 1.76128 891.389 0.0156564 4912.56
0.292082 1.08706 3.57427 0.105151 1770.81 0.0344032 5279.37
0.286717 4.17317 4.68469 0.251713 4815.66 0.0405641 5276.52
14.3352 8.81739 4.17999 8.91352 3917.25 0.0117395 4926.57
6.06714 2.81878 9.12018 5.95897 1670 0.00891089 5176.06
0.312628 1.84486 0.104595 0.0243566 1111.01 0.0122681 5014.69
8.04402 7.02946 1.34895 4.33909 5688.73 0.0862005 4935.88
7.56288 8.65187 1.7399 7.2075 2286.24 0.0425073 5020.12
17.2255 6.23171 0.655413 1.19223 5264.22 0.0461383 4941.75
0.222749 0.138207 0.2208 0.00815672 863.074 0.00124223 5126.94
0.204018 1.30103 0.293819 0.0920189 4172.52 0.0125216 4962.81
0.270908 0.460453 0.44901 0.0586167 842.759 0.0116954 5026.59
0.353279 0.111355 7.29157 0.185744 3613.32 0.0690431 5454.93
6.12658 4.42312 2.45508 2.87598 4678.34 0.00453007 5392.11
0.21788 0.600978 1.02921 0.0465836 1092.83 0.00239773 5059.89
8.44438 4.25728 6.32582 3.64967 4531.52 0.139959 4906.78
0.218773 1.6688 1.70988 0.0220166 1090.7 0.00288422 4916.27
1.46394 2.59071 9.47904 9.29815 3283.39 0.0909803 5805.62
0.357769 4.2167 1.15521 0.296844 1591.84 0.00939612 4996.11
0.249429 0.10457 0.487993 0.00614104 576.304 0.00451057 5308.45
0.210753 1.007 1.08616 0.0489433 1275.68 0.00929927 5151.32
0.216243 0.246002 1.31314 0.0632245 1008.85 0.00668578 5418.89
0.207588 1.912 2.26587 0.192409 2850.1 0.0309457 5083.88
0.377113 3.01609 2.64724 0.892959 3708.7 0.0227937 5212.96
4.43631 4.88343 3.40353 6.08279 5961.06 0.420726 5132.22
0.392507 0.784694 0.9903 0.00161433 1221.24 0.018883 5685.67
0.542116 5.59758 7.51948 7.61207 7947.19 0.330433 4929.85
5.73096 3.15064 3.42384 8.02022 3442.44 0.272611 5063
0.224681 0.599821 1.49984 0.0249266 1476.75 0.00126892 5063.64
0.261013 2.54845 7.80719 1.22892 6531.11 0.0652435 5196.44
0.359625 2.20802 0.310721 0.0980048 1158.72 0.0184518 5144.1
0.578687 1.31541 3.83664 0.200961 1854.16 0.00390602 4944.25
0.345813 2.60949 3.43886 0.730539 2337.5 0.000211756 5913.78
0.242999 0.00280189 1.45553 0.0180277 1195.78 0.0142153 5410.3
0.279044 2.32608 0.118142 0.0285699 3168.41 0.0275859 5100.36
3.54192 9.03789 8.95307 9.23471 3174.12 0.352219 5365.62
0.201909 4.7113 0.141908 0.416817 3998.67 0.00514613 4952.57
0.234334 0.410952 2.76116 0.11171 3129.45 0.0297112 4908.8
0.233074 0.280741 0.274262 0.00938325 1392.28 0.0140123 5430.5
6.71345 7.94942 5.96118 7.93915 6609.3 0.130924 5116.39
0.450705 3.68997 4.55471 0.0859565 2371.74 0.002934 5100.33
4.55937 0.701725 1.73857 3.30158 11267.6 0.190631 5190.37
0.261624 1.05029 2.56805 0.38528 3382.59 0.0373974 5032.78
0.295712 0.160849 1.47789 0.0862891 1264.02 0.0308314 5455.67
12.5471 1.94378 9.65351 4.48771 4886.06 0.000506747 4912.27
0.345242 0.879781 0.46088 0.0424583 632.537 0.00312023 5247.54
5.03584 9.83819 6.93005 0.671681 6423.5 0.325162 5823.9
0.448859 1.04406 5.87244 4.95566 5859.89 0.290271 5119.14
0.235918 0.714787 0.0793705 0.0207553 651.341 0.00858714 5617.53
0.241261 1.91254 0.420623 0.111048 2465.56 0.0423608 5133.88
18.2998 5.89503 3.49405 2.27886 937.622 0.00197235 5008.12
3.84242 7.06292 8.79874 6.52164 2672.84 0.0544955 5071.01
0.337041 2.0316 0.54376 0.139399 1360.59 0.0310997 5176.25
5.62612 9.78436 8.68911 5.09771 1161.53 0.0164777 5057.99
8.57019 5.48701 6.86307 6.56735 2362.09 0.0804602 4919.59
1.99563 3.58965 1.34132 0.624378 1339.31 0.163568 5284.76
0.322433 1.17289 0.254657 0.0514709 742.976 0.0112249 5460.64
0.303644 0.227293 0.0253642 0.0467929 896.808 0.00975382 4906.45
1.03299 1.66151 6.89713 4.93023 4482.85 0.346409 4945.07
0.468716 0.528842 0.652904 0.101601 980.164 0.00967489 5111.36
1.05092 5.54754 2.22051 6.27487 4849 0.402599 5012.25
0.323529 0.151001 1.18627 0.0222994 752.897 0.00895651 5136.21
8.93576 3.30349 4.81516 2.63623 8012.88 0.398223 5330.02
0.211754 0.16412 1.06351 0.134049 1659.46 0.0063946 5010.72
6.23688 1.98344 4.4285 5.72383 3922.31 0.0592756 5256.62
1.79135 2.2466 8.22548 8.40738 812.193 0.0797683 5210.21
0.888471 6.12597 4.4564 5.16849 3422.29 0.305726 4951.27
3.27686 6.29973 9.6487 3.66585 15247.9 0.467678 5453.36
0.309316 2.44335 1.01828 0.0410977 3256.7 0.0336091 5086.7
1.83652 4.18965 2.32489 5.98669 2796.89 0.162925 5069.89
0.238016 0.197204 0.297162 0.0484197 664.71 0.0020264 5303.83
0.857911 3.00831 6.12027 8.3573 6676.7 0.341316 5204.09
16.954 1.68178 0.842232 3.13477 1723.59 0.0490343 5057.44
19.0292 3.82035 0.416095 2.67235 10397.1 0.351296 5048.85
0.265865 1.44146 0.305702 0.0221524 1765.81 0.00190237 5500.38
0.223756 0.610629 0.0249055 0.0755024 1532.89 0.0228172 5048.28
8.9771 0.395149 3.21286 0.96625 5820.39 0.133511 5197.81
0.232822 2.17502 0.889096 0.188401 3030.45 0.0342242 5401.53
0.259346 2.87819 0.218126 0.249221 1779.68 0.0315067 5923.27
0.483677 3.87638 1.97014 0.0402485 3197.22 0.0239689 4927.78
0.278054 0.710205 0.459201 0.0287503 627.867 0.000161469 5192.53
0.229462 0.492728 0.843183 0.134439 1002.7 0.000814506 4900.87
0.224573 0.0676417 1.88605 0.135523 1481.94 0.00245358 5246.19
0.23815 0.656513 1.23778 0.0669556 2451.77 0.0198075 5091.39
16.7546 0.519102 1.63329 5.08061 8667.57 0.156248 4918.02
0.21103 2.15541 2.78993 0.0953336 4219.66 0.0182653 5127.49
10.4983 6.86975 6.40571 2.9377 1022.13 0.0125592 5781.49
7.36895 1.10122 8.94748 6.32056 3654.33 0.0019814 5150.29
