0.492157 5.2787 8.13075 0.0594461 2830.49 0.00796698 5403.93
0.254261 6.21466 5.64133 0.137279 8589.44 0.0605866 5328.04
0.61181 2.12527 2.66752 0.682986 16023.2 0.244465 5298.09
0.329526 6.64443 3.23228 0.0645336 3271.57 0.00370706 5357.89
0.453918 0.725017 2.2667 0.0204448 5060.04 0.0118891 5469.6
0.632765 7.20247 5.47081 0.103779 2624.31 0.00321833 5368.37
0.55173 2.58517 3.31486 0.0875127 5886.42 0.00114462 5332.86
0.226205 3.95329 3.0092 0.170618 14169.8 0.0680256 5383.72
1.25053 2.32437 4.85666 0.307615 3742.12 0.0091844 5316.7
0.203561 7.48081 5.6428 0.15756 8886.16 0.139702 5357.66
0.902457 8.92332 3.73403 0.128134 2800.21 0.00345576 5329.86
0.809064 8.06448 1.9884 0.146427 7310.81 0.0608785 5394.17
0.283191 9.94089 1.29692 0.106313 5535.92 0.00284863 5366.38
1.6299 2.36646 0.872604 1.47573 8659.11 0.0832172 5344.32
0.256242 5.18671 8.14047 0.298429 9052.15 0.0508533 5372.21
0.343263 6.3779 9.73281 0.329048 8852.98 0.0327899 5400.04
1.07664 1.5162 6.77887 0.255654 2727.1 0.00111465 5375.59
0.395368 0.707997 6.10402 0.259551 11266.2 0.0082471 5384.1
0.51033 7.86537 4.56359 0.0738832 4117.42 0.013945 5373.38
0.405656 1.7653 5.18873 0.00148058 3604.77 0.00364024 5384.61
0.464107 4.6494 9.70431 0.0400577 4970.02 0.0197422 5395.59
0.441323 9.91916 7.82123 0.112666 5133.79 0.0173054 5349.64
0.369681 3.7298 3.18748 0.32624 14043.1 0.0586831 5317.89
0.683299 6.94309 0.758181 0.148764 4200.13 0.0230941 5368.28
0.574982 0.499058 5.21896 0.18647 11520.9 0.0783524 5358.87
1.12803 2.82851 1.0263 0.71188 8774.86 0.0314157 5406.85
0.849914 3.44537 1.34334 0.350171 7089.11 0.100083 5347.71
0.464615 5.96844 7.8078 0.053048 4788.18 0.00527213 5360.81
1.64892 9.25799 9.13347 0.031752 1491.19 0.000665366 5311.67
0.406352 1.8585 7.2224 0.0938044 2574.9 0.00385467 5377.07
0.449202 3.75155 7.79721 0.00152411 2480.81 0.00203723 5393.89
0.503325 7.00823 8.89639 0.0621107 2514.78 0.00125996 5353.02
0.740164 7.81582 9.6392 0.00996653 3609.33 0.00358129 5382.08
0.612732 7.10078 1.1259 0.231586 4009.77 0.00512495 5365.94
1.63324 3.83012 0.569242 0.298268 6418.63 0.0448436 5387.41
0.284141 4.98381 3.22633 0.0508853 3949.68 0.0279431 5419.54
0.250357 6.56536 6.62593 0.0158823 6269.07 0.0261271 5371.37
0.573835 6.35426 8.96896 0.0319497 1217.45 0.00198135 5388.39
0.337252 8.4029 3.55035 0.147077 5219.74 0.0208128 5331.42
0.425703 5.15123 4.35167 0.0830618 5655.86 0.0312945 5373.33
0.339592 0.823726 8.66013 0.30327 11310.5 0.0048471 5385.77
0.34512 5.97687 0.480583 0.11056 4400.5 0.00627184 5355.33
1.1893 1.85072 0.699451 0.804483 7923.48 0.0630316 5416.31
0.43398 1.87363 9.94388 0.0334604 2508.71 0.00142113 5349.15
0.234936 3.92433 6.2621 0.0714303 4870.64 0.0281428 5339
0.227063 2.03092 4.51917 0.0188637 13528.6 0.0334631 5348.61
0.583852 0.65192 1.76198 0.136919 9519.79 0.0734651 5337.9
0.605193 2.90078 4.41322 0.0359003 885.309 0.000637002 5383.85
1.62495 1.01547 6.47861 0.0693372 3207.3 0.00553615 5316.68
0.764219 5.50908 2.95083 0.477346 10775.4 0.204198 5363.5
1.05311 1.68491 1.30132 0.806923 16075.2 0.077241 5377.16
0.455152 1.54272 0.828883 0.422391 7627.67 0.0366768 5373.97
0.32892 9.04925 5.89811 0.00460995 2745.61 0.00890443 5361.07
1.18075 5.04763 4.2174 0.031502 1397.64 0.00011489 5381.38
0.391214 9.51927 7.14799 0.158672 3922.75 0.00203425 5362.45
2.11743 1.10903 0.83541 0.339662 4975.05 0.0122446 5366.41
0.587619 7.73757 0.545587 0.171115 3065.18 0.00671121 5363.37
0.215947 5.7706 2.72045 0.00750107 3400.62 0.0122155 5383.82
0.348364 4.47182 7.13769 0.0438727 2296 1.72036e-05 5409.19
2.39528 2.59177 1.36588 0.878769 5188.49 0.0195748 5378.28
0.429022 3.53386 5.34767 0.0168246 4313.68 0.00229228 5405.99
0.597668 8.34845 3.28552 0.0866534 3310.16 0.00342009 5373.56
0.31564 6.45201 3.56165 0.19508 11801.5 0.0184655 5412.38
0.459222 5.39743 2.09 0.192217 12379.1 0.150597 5369.82
0.207295 4.53839 6.79202 0.0849345 18949.8 0.0165062 5307
0.347523 3.49148 1.02266 0.0363675 14303.3 0.0770626 5321.19
1.21189 2.45658 0.857052 0.866977 9416.7 0.0807233 5340.29
0.994346 2.18758 0.648807 0.0508568 13028.3 0.109546 5330.78
0.664407 5.66051 6.79678 0.100762 1819.62 0.000857141 5356.11
0.282055 5.88738 5.57035 0.0864108 2857.36 0.0109927 5380.67
0.378978 4.99862 9.20001 0.0086823 5028.54 0.00383636 5338.41
0.248912 6.5395 2.08641 0.200577 8178.01 0.0296269 5336.84
1.2665 2.52664 0.69259 0.273858 8256.89 0.0483604 5404.24
0.273428 2.63679 8.78479 0.0142903 967.024 0.000771848 5378.69
0.599769 9.00224 9.67186 0.0967034 2906.66 0.00345779 5395.34
0.868979 1.43816 6.10837 0.19293 2519.93 0.00572416 5382.91
1.21386 0.790007 6.7108 0.590338 4866.7 0.00856948 5341.24
0.411092 5.84633 2.02567 0.192161 9911.69 0.0437049 5409.27
0.473696 2.79313 4.31754 0.0387424 2640.92 0.00857347 5345.74
0.373004 5.20557 9.26402 0.02108 1597.02 0.000151746 5368.99
0.240119 5.06789 7.72094 0.0416434 2700.21 0.000870097 5383.13
0.748091 3.41761 4.24483 0.126891 6181.97 0.0379842 5383.28
0.321276 3.18159 9.75361 0.00216728 6028.84 0.0342939 5388.86
1.2809 7.74556 3.68661 0.0691808 1195.76 0.000890881 5405.45
2.50161 1.59412 0.822937 0.0594846 4966.91 0.0194684 5376.59
0.535015 3.03249 7.55011 0.000197765 2484.05 0.00427289 5400.15
0.427005 2.33859 2.33491 0.480149 11634.2 0.101068 5314.51
1.17531 6.9434 7.08069 0.0991758 1150.07 0.00148189 5381.64
0.389262 8.46486 8.32548 0.0051202 744.602 0.000276738 5358.21
0.796736 1.66785 1.9232 0.0229025 9302.22 0.0820297 5361.97
0.21691 2.44429 3.3161 0.0360179 9113.05 0.014396 5399.73
1.06705 6.00262 6.10088 0.108459 3310.54 0.0103538 5343.8
0.24763 3.1325 8.73793 0.0296402 4294.63 0.0108833 5346.6
0.434699 3.2448 7.17719 0.0232416 2204.57 0.00531675 5338.35
0.685411 0.674853 2.67156 0.131252 4626.02 0.0127517 5341.48
0.483787 2.55457 2.49791 0.148008 4200.62 0.00725455 5370.98
0.22119 4.24009 5.39732 0.00279637 2037.65 0.00476284 5361.18
0.367674 9.63882 8.85813 0.0887978 2255.12 0.00223735 5419.29
1.79496 1.66127 0.57377 0.0932197 6380.22 0.0411043 5354.84
0.808537 9.91919 2.59443 0.00832747 2792.49 0.00718379 5384.1
0.509942 5.9462 0.999113 0.0286943 8465.56 0.0196692 5388.2
0.624027 1.07346 0.567721 0.548616 12687.7 0.0800877 5326.89
0.408193 5.25219 2.36787 0.0791155 6281.39 0.00735387 5350.06
0.243359 6.61855 3.53648 0.0453271 14475.3 0.0230863 5369.97
0.526419 3.00726 0.638856 0.0549185 13190.7 0.148246 5370.8
1.1196 1.68829 7.32393 0.280834 5515.57 0.0312899 5341.43
0.799183 6.49363 9.44448 0.0403095 2835.3 0.00855642 5359.42
0.279744 2.57923 9.03549 0.01203 3011.9 0.00809991 5378.18
0.302516 5.46874 6.01589 0.0427385 4334.63 0.0301436 5363.62
0.855644 2.85591 5.26209 0.0107924 1000.27 0.00158119 5393.67
0.564713 5.393 2.29094 0.0717171 6995.44 0.066915 5384.39
0.957453 0.100323 3.33512 0.675566 15183.4 0.155411 5384.24
0.240709 7.22194 5.8701 0.00590583 6066.77 0.0524509 5357.74
0.799031 1.92032 3.82446 0.101612 1666.78 0.00294645 5369.83
0.54015 5.71248 5.66283 0.0140613 3795.01 0.000834908 5383.36
0.550141 5.6445 4.00903 0.0677193 2286.54 0.000101642 5387.13
0.620502 9.03094 4.70426 0.18206 2323.8 0.00531646 5387.86
0.26038 9.52231 2.19434 0.0544199 2239.98 0.000963634 5338.31
0.395658 9.91329 9.71493 0.107168 2030.07 0.000217065 5365.01
1.52346 6.03706 0.567333 0.15693 1665.95 0.000164525 5343.73
0.29486 3.4261 6.63322 0.0390923 3933.35 0.00840312 5340.17
0.648159 5.16491 3.01911 0.0794371 5279.3 0.0084679 5371.92
0.884665 4.9029 3.11523 0.017347 3520.85 0.00412954 5330.81
0.206668 7.44489 4.10264 0.050245 1539.09 0.00151158 5343.36
0.432189 5.72338 9.06726 0.110025 7500.92 0.062531 5430.75
0.389568 5.42751 9.69133 0.0261985 1893.33 0.000824508 5374.33
0.351041 5.35509 2.92978 0.0324152 5772.95 0.0435644 5332.16
0.497763 1.86104 1.22969 0.324213 8305.72 0.0172979 5331.19
0.232492 3.77441 9.89254 0.0800227 5812.35 0.0447227 5387.99
0.791436 4.72038 1.60673 0.305323 6529.55 0.0536006 5328.51
0.88455 0.49508 8.4508 0.0455477 2037.76 0.000141643 5358.85
0.619228 3.49131 4.31621 0.03406 4383.63 0.000142151 5422.09
0.484147 1.93122 0.919391 0.238784 14111.5 0.10961 5402.93
0.286299 5.76331 9.17019 0.0134296 991.344 0.000468306 5358.3
1.46697 0.875302 0.157427 0.258355 7987.86 0.0325334 5339.01
1.07266 4.55236 3.24022 0.0691434 1303.64 0.00231641 5334.26
0.649561 4.4112 1.13899 0.305617 12781.4 0.321094 5353.74
0.98663 0.405023 0.624436 0.48121 6197.73 0.0187767 5393.87
0.673655 7.54971 6.41253 0.0301997 1449.95 0.000982835 5377.43
0.314444 0.487829 5.86864 0.0751647 8927.2 0.0191132 5358.22
0.207663 7.39244 7.93415 0.0314617 1085 0.00212177 5339.57
0.39724 0.986589 6.34864 0.100905 5382.46 0.013359 5381.33
0.603139 5.84236 7.26868 0.0446996 3197.34 0.00314728 5399.06
0.531228 1.12754 8.62719 0.0767804 4009.12 0.00527763 5330.28
0.258977 9.72298 8.08612 0.107349 7795.15 0.066728 5363.38
0.389618 1.27368 7.72077 0.0157749 3574.61 0.0110269 5325.13
0.643729 3.28477 6.36179 0.0238454 7404.48 0.00699979 5365.58
0.208431 7.31945 7.78788 0.00452101 2984.83 0.0116608 5284.14
0.370103 8.3315 5.07091 0.0153714 4625.48 0.0239519 5395.67
1.79116 0.439785 0.860904 0.433317 6476.06 0.0509717 5353.14
0.833399 5.8192 3.37303 0.0211375 3131.15 0.00746161 5420.62
0.313758 1.29309 6.87082 0.0288323 1633.77 0.00107361 5327.13
1.69672 0.529625 1.09264 0.606759 6183.28 0.0353408 5387.35
0.74113 3.95018 2.43288 0.0990129 7527.12 0.0666784 5371.47
0.271849 9.51873 3.69725 0.0120607 2192.65 0.00164453 5389.91
0.28122 2.74452 7.65944 0.0930748 3581.54 0.00590692 5369.1
0.988843 0.317902 6.01078 0.0101521 1408.02 0.00213192 5377.25
0.829293 2.17395 5.02899 0.197946 5935.51 0.00706642 5421.06
0.834094 2.98871 0.722049 0.256839 5636.2 0.0336391 5393.53
0.697395 1.66061 1.98818 0.128373 6250.66 0.00138381 5372.12
0.536959 0.76806 0.634607 0.624975 14386.7 0.10785 5365.17
0.764909 7.59813 3.00243 0.0417819 1991.46 0.00055533 5349.31
1.01861 2.21737 7.96161 0.183968 4336.5 0.0227491 5362.9
0.364344 9.0828 8.60339 0.0713098 3740.66 0.00356633 5327.01
0.857861 3.65043 6.26535 0.0177598 1037.57 0.00157609 5355.54
0.928276 2.78687 1.80801 0.0819529 7861.74 0.0556881 5347.15
0.559012 2.96282 3.50044 0.1305 2922.34 0.00234805 5374.06
0.416209 7.90841 3.75025 0.0427751 5921.53 0.00864857 5410.33
0.404549 8.92341 1.21136 0.0184876 3354.24 0.00767425 5315.29
0.453764 1.55525 4.76855 0.049898 4829.76 0.0286136 5429.31
1.26819 5.53834 1.80025 0.152138 5360.03 0.0090575 5394.06
0.649144 0.0057937 2.13037 0.799053 19523.5 0.321353 5363.72
0.231399 8.24672 6.93336 0.0828745 12298.7 0.0385508 5387.61
0.679773 6.54632 9.17229 0.00611236 1630.02 0.000906744 5301.4
0.53152 3.36733 5.36024 0.235526 4366.83 0.0205288 5404.56
0.229755 9.18218 2.77009 0.00579704 528.035 0.00131296 5366.19
1.03697 2.24856 2.7793 0.148396 7160.15 0.0275215 5383.87
0.609455 1.87209 4.54323 0.033448 2653.67 0.00238562 5384.34
0.365791 1.85141 4.92647 0.0871498 3136.62 0.00196716 5390.23
0.479937 2.69584 1.56383 0.479189 16968 0.0962103 5375.49
0.387884 3.73568 0.677135 0.0308375 2240.9 0.000790802 5342.81
1.59879 1.8912 0.756788 0.502148 3976.82 0.0122625 5361.2
1.4209 0.747494 2.22412 0.547201 9778.44 0.0500855 5359.77
0.361036 4.43989 0.470876 0.188439 7253.86 0.0228416 5303.16
1.82959 2.87016 0.247501 0.391121 6471.88 0.0283669 5328.67
0.868036 8.6314 4.45879 0.00333003 3098 0.00242924 5370
0.336621 2.07597 7.51628 0.0908204 8720.5 0.108695 5373.18
0.384668 1.24938 7.45107 0.0201461 1439.45 0.00272185 5395.72
0.325173 3.72618 9.12265 0.0602355 2878.32 0.00117275 5357.54
0.519296 9.54893 8.81415 0.0566782 3941.95 0.00992904 5340.68
0.200617 6.68296 9.09281 0.00327815 3891.54 0.00817305 5364.43
0.588993 3.01931 1.31209 0.0925226 7348.61 0.0942136 5378.61
1.44031 2.93403 8.0411 0.0525394 628.625 0.00126637 5391.99
1.3882 0.542855 0.917692 1.5458 10743.2 0.0514257 5323.51
1.33107 0.763829 0.60308 0.821686 11787.2 0.0533191 5361.65
0.203507 7.99098 8.68705 0.0418363 9523.4 0.0854662 5393.68
0.445014 4.64848 8.93813 0.0624814 3953.12 0.000334463 5370.82
0.354561 2.88517 4.94884 0.0860861 9760.56 0.00880972 5396.96
0.441628 9.38155 4.81952 0.0596906 3540 0.000991188 5377.52
0.261274 6.80756 7.66533 0.0336658 1232.36 0.000903109 5297.33
0.452445 1.25283 7.23105 0.0507141 3666.98 0.000241259 5328.56
0.621896 2.64557 3.96899 0.0609358 5767.98 0.00464322 5375.17
0.610747 3.20397 8.82855 0.399749 5973.81 0.00929415 5356.66
0.471512 2.22403 0.796298 0.254646 9639.4 0.0620531 5337.13
0.54583 4.67258 3.54831 0.0863471 3693.39 0.0120536 5381.61
0.329327 5.90703 5.18457 0.045331 3729.91 0.00415083 5389.4
0.864052 3.02233 0.634178 0.649241 7077.74 0.0360005 5338.9
0.48534 3.89677 7.4686 0.107928 3361.38 0.0158291 5342.47
0.205817 9.4531 8.32027 0.0392859 2766.6 0.00749973 5380.09
0.738424 6.30621 8.17973 0.203145 4413.11 0.0034027 5335.39
0.652034 1.73453 1.25411 0.071313 18842.7 0.0700407 5340.05
0.695177 7.62379 5.82356 0.283837 4742.09 0.00764288 5376.51
0.373448 5.3952 9.00182 0.037671 1361.06 0.000817807 5376.12
0.274655 8.67065 1.95235 0.0197921 6170.98 0.000465939 5368.39
0.211881 7.69697 7.7783 0.0104424 3702.1 0.00572812 5362.4
0.657918 1.40248 5.19401 0.253381 5556.98 1.4888e-05 5359.29
0.52243 8.93435 2.84175 0.00724594 5926.54 2.37571e-06 5376.39
0.487249 6.7183 9.5094 0.0173136 5602.46 0.050712 5383.27
0.259508 8.9357 7.0664 0.0159072 4196 0.00231215 5383.27
0.405867 2.80735 7.035 0.0118478 3821.1 0.00818069 5372.34
0.538661 7.99497 5.81226 0.00107112 4549.72 0.0133035 5292.6
0.26085 5.57943 3.77043 0.101455 7576.72 0.0135667 5408.46
1.39206 3.00934 1.52221 0.255021 4242.06 0.0109258 5381.67
1.07665 8.45392 4.98717 0.0222194 973.658 0.00133131 5348.93
0.478609 3.83797 8.0502 0.170055 6343.71 0.0112308 5350.62
1.14368 2.15571 1.22673 0.238351 4250.79 0.0095181 5377.41
1.23805 0.335453 3.18353 0.0482896 4807.08 0.0110633 5398.94
0.28445 5.126 5.1484 0.0204057 4373.38 0.00646402 5289.82
0.554969 1.72114 5.65416 0.0237565 4154.41 0.0130363 5409.82
0.268269 2.5615 8.76076 0.00811759 4438.55 0.0211703 5364.02
0.994177 5.02646 2.9227 0.0297336 5317.34 0.0296496 5366.19
1.50421 1.19155 2.51068 0.384452 3862.78 0.000906169 5325.62
0.269883 1.14944 2.99325 0.0723387 8608.63 0.0309288 5318.59
0.663999 2.07017 9.18991 0.139194 1388.23 0.00313005 5333.31
0.687531 3.71391 3.1865 0.253156 8845.3 0.0557067 5330.1
0.273551 6.21802 6.45513 0.082911 4835.84 0.00359527 5344.35
0.23872 6.55157 6.48539 0.0315642 3852.77 0.00348143 5391.89
0.45734 2.21425 1.07903 0.150378 8187.83 0.070478 5350.06
0.36306 8.41262 5.16336 0.245294 9105.92 0.0808453 5364.83
0.227547 4.54578 5.40708 0.0199053 4250.77 0.000721988 5375.24
0.575318 2.9084 9.11524 0.0227734 3425.61 0.00380128 5383.4
0.323146 3.25301 5.09851 0.044763 3600 0.00507341 5425.39
0.265855 8.20963 7.07782 0.00292525 2258.65 0.00554334 5345.85
1.10184 1.6369 0.360501 0.472272 15264.1 0.311541 5376.1
0.411709 8.40531 9.26796 0.129167 4334.97 0.00637509 5380.27
0.461423 5.63355 5.94076 0.0312935 1317.54 0.000509759 5330.94
0.308646 2.02305 4.42738 0.438032 15123.7 0.0364102 5381.61
0.210572 4.92137 9.59409 0.0167452 4008.56 0.00914814 5360.13
0.516743 9.59603 1.49532 0.0786249 5434.06 0.000956976 5344.34
0.243141 2.4591 6.4711 0.196379 14260.4 0.00437816 5335.27
0.520693 8.42964 8.80287 0.0313543 559.223 0.000758217 5368.26
0.71733 9.07549 5.89927 0.182182 6195.4 0.0450206 5402.48
0.216173 7.54404 8.18277 0.0396825 4965.23 0.00706769 5414.09
0.245171 4.93568 2.159 0.27969 16103.5 0.0111282 5348.58
0.395424 7.21384 7.4074 0.0706651 3950.59 0.00394772 5361.7
0.347265 3.04261 2.59437 0.0140386 746.821 4.73785e-05 5324.05
0.66409 3.0839 7.25252 0.13819 2593.68 0.00299624 5354.55
1.10852 1.36871 1.15704 0.833433 12905.9 0.0685106 5359.49
0.465368 8.40994 2.71488 0.264003 5657.84 0.0993849 5400.1
0.482621 2.71948 5.35209 0.0343828 5421.09 0.00431634 5398.31
0.272852 7.90193 8.79778 0.0509652 4181.65 0.010558 5365.07
0.503551 2.4064 0.551854 0.372134 19623.7 0.279185 5444.26
0.548922 2.97736 5.19234 0.234368 8319.9 0.0856547 5329.63
2.11555 1.76959 0.0979915 0.072987 6902.07 0.0132884 5361.31
0.611718 1.02562 6.78672 0.034842 3925.6 0.0032007 5362.5
0.728099 0.0853454 1.08813 0.0417622 12531.4 0.068609 5403.03
0.386549 4.02202 9.20987 0.0294205 1920.06 0.00341878 5370.66
0.524019 7.01981 4.72393 0.0334177 1854.4 0.00135608 5422.02
1.18331 0.677371 1.04923 0.187466 7877.03 0.0237321 5361.37
0.644583 2.25075 7.20412 0.0589666 3140.17 0.0302409 5385.26
0.547439 6.56698 1.9126 0.27179 10886.9 0.0860018 5401.01
1.51293 1.23462 0.715523 0.165974 5402.16 0.015141 5404.04
1.72318 0.331413 0.134573 2.34096 14957.5 0.0315207 5354.38
0.34309 0.845741 5.00382 0.0250629 2714.12 0.00431953 5355.49
0.819658 2.7203 1.98819 1.18692 14405.1 0.0265167 5344.88
0.411157 9.2438 8.41569 0.063454 2979.94 0.00800259 5309.17
0.570498 4.60981 3.61885 0.144113 6178.74 0.00232457 5298.2
0.940826 5.54384 5.19206 0.0109207 4866.99 0.0102313 5389.86
1.07208 3.90978 4.84305 0.153916 1726.08 0.00190048 5383.95
0.246156 8.36151 2.74056 0.00325014 5274.93 0.0348235 5346.7
1.09422 1.51271 2.50299 0.656165 8959.54 0.127485 5312.83
0.53791 2.97828 0.20487 0.0169127 9931.68 0.113886 5347.55
0.633093 2.9332 6.91563 0.294222 5487.61 0.0110704 5388.66
0.50297 2.37863 6.35284 0.150187 3547.19 0.0212132 5365.73
0.471461 1.74335 3.81411 0.0262649 8491.37 0.0107918 5365.75
0.470242 9.14847 6.03944 0.112726 4282.6 0.0366708 5394.52
0.312303 2.52504 7.74996 0.0204883 4946.99 0.0575988 5363.19
0.81036 6.73007 7.32591 0.029916 4139.67 0.00536259 5343.69
0.972928 2.62998 4.52356 0.0932436 2814.95 0.00389777 5404.79
0.431866 6.56993 2.47161 0.00479968 852.832 0.00123067 5382.62
0.302201 4.30239 4.6372 0.0325899 1397.92 0.00291885 5392.41
0.201964 1.94251 6.2874 0.0360044 1617.73 0.000646854 5347.96
0.703349 1.87062 1.2846 0.977813 12037.2 0.00265542 5360.97
0.995728 4.73661 8.15273 0.0461185 689.48 0.00174298 5371.44
0.483617 4.17355 6.98061 0.0124968 1955.87 0.00125141 5398.15
0.542918 2.15716 0.969817 0.0891329 5410.8 0.00391044 5389.29
0.281634 6.76365 6.56911 0.0579476 5510.88 0.0274147 5348.98
0.772751 1.63597 3.80893 0.0536853 5721.29 0.0631902 5430.5
0.206977 3.90003 6.04425 0.0300546 5753.86 0.0592005 5356.02
0.378067 6.02261 4.92557 0.0142763 4786.53 0.0115249 5325.41
0.252753 8.77614 6.9819 0.0477897 2856.68 0.00153461 5394.73
0.782835 2.69607 1.24389 0.580388 8267.75 0.0114466 5387.5
0.250284 0.361964 7.15331 0.0337541 5585.01 0.0178222 5352.37
0.225076 3.71367 3.99703 0.000742495 11608.1 0.126916 5373.75
0.557949 3.26422 1.62876 0.102574 9728.06 0.0446282 5321.28
0.575625 2.18831 2.15697 0.172335 3755.97 0.00215967 5397.44
1.05535 0.572087 5.19878 0.370125 7268.86 0.0370814 5376.14
0.971679 2.21149 0.212129 0.211279 10438.1 0.033138 5428.31
0.46008 0.927294 3.77788 0.0951022 4089.66 0.0137289 5366.46
0.872431 9.11966 8.35926 0.076019 2470.9 0.00749494 5405.64
0.290413 9.26847 7.65706 0.00204295 3694.76 0.00543783 5316.86
0.270146 5.68109 6.09483 0.0613132 8804.16 0.000278758 5350.36
0.265494 0.402863 4.87243 0.0268933 6015.02 0.0146954 5364.88
0.656836 0.885165 4.28833 0.214487 6125.01 0.0103474 5402.92
0.207425 7.30683 9.34866 0.000557647 1583.64 0.00368577 5413.95
0.639735 9.9792 4.37967 0.00638786 1178.72 0.000187431 5320.12
0.385538 6.96626 3.90904 0.106037 9792.34 0.00953596 5343.47
0.40791 4.80474 8.03697 0.112266 5260.44 0.0361407 5407.73
1.09672 2.02209 1.32319 0.448432 10071 0.0233173 5359.45
0.50557 7.3419 1.46522 0.497289 11009.8 0.080159 5340.36
1.94649 1.07455 0.4754 0.196986 5359.09 0.0387492 5394.87
0.653868 2.70331 6.42884 0.122043 7338.6 0.00175952 5361.41
0.471091 7.56801 2.04459 0.0214251 3009.87 0.00220749 5420.19
0.465984 7.70118 5.99805 0.0431668 2431.33 0.00506047 5284.05
0.308708 7.58989 7.03173 0.0427861 3956.81 0.00896045 5380.19
0.717894 0.531043 1.81867 0.171746 5327.61 0.0252352 5354.43
1.26491 1.20343 2.3574 0.314372 9113.4 0.00075115 5375.92
0.264357 8.61221 7.85005 0.00932447 5896.46 0.0136961 5372.64
0.235104 6.7608 6.80546 0.0565135 5394.52 0.0177164 5381.43
0.271011 7.42429 8.00946 0.00560165 5013.59 0.0182234 5323.4
0.43668 4.19969 6.80795 0.122 6236.69 0.0410186 5323.66
0.651668 2.02951 1.83477 0.186512 8341.97 0.108608 5306.05
0.294921 4.30027 5.85273 0.0282693 3667.08 0.00204938 5390.62
0.499168 1.53017 5.24983 0.179982 11705.2 0.10746 5365.37
0.56928 8.77214 3.87042 0.0227107 1213.07 0.00265422 5337.64
0.609173 2.44002 7.15321 0.165358 5091.17 0.00198305 5324.35
0.758014 4.48757 3.48784 0.0310629 7204.43 0.0216499 5348.56
0.380983 6.13262 4.43208 0.0321692 927.298 0.00239468 5425
1.6942 3.11349 5.09866 0.152826 2302.95 0.000515065 5356.15
0.691856 6.94031 6.75805 0.0700748 1949.94 0.00325088 5351.51
0.382809 1.86568 2.68093 0.503194 12106.3 0.145245 5415.81
0.943972 6.0751 1.87446 0.105976 1391.08 0.00263679 5394.57
0.833817 0.541789 2.23019 0.0480171 13131.8 0.301019 5388.19
0.219595 8.17659 2.97785 0.0284468 1531.05 0.00161928 5318.66
0.369105 0.285586 1.38563 0.184957 11538.5 0.0912037 5327.86
0.306169 8.28343 2.18119 0.0167334 1952.34 0.00488941 5386.8
0.784909 2.07774 1.10072 0.0743627 12673.1 0.0881653 5367.7
0.347776 4.00387 8.18202 0.0605617 1865.06 0.000508643 5371.81
0.600986 2.56955 1.25401 0.0724259 16698.3 0.297188 5371.14
0.808112 0.574302 5.35273 0.577696 9995.43 0.099857 5325.65
0.285632 4.28359 8.29759 0.00718746 2141.39 0.00158983 5310.76
1.18495 4.12729 0.240667 0.321799 5857.51 0.00630701 5387.84
0.445945 9.26186 6.79504 0.0216256 5701.64 0.0104718 5337.83
0.421658 9.34992 3.60744 0.058695 4820.88 0.00249628 5366.58
0.231581 2.67651 9.87238 0.00997148 5179.39 0.00666564 5413.72
0.558773 2.07136 4.79012 0.351631 7159.51 0.0413673 5385.81
0.560327 7.59792 0.603622 0.0785469 4954.28 0.00345154 5333.85
0.300419 7.81741 2.2502 0.147777 7639.89 0.023081 5386.74
0.339353 3.17961 3.38538 0.0914729 11983.3 0.0553394 5388.05
0.550349 7.23219 3.4257 0.30402 6283.7 0.0108653 5363.7
0.729338 6.18504 2.07971 0.13519 3174.94 0.00303452 5371.63
0.355317 3.74307 6.93383 0.000973418 9656.56 0.0635484 5393.65
0.256566 8.87064 3.66696 0.0200048 3579.73 0.00127528 5387.77
0.656885 0.754363 4.55056 0.206372 15791 0.354903 5390.48
0.203146 9.76122 9.46906 0.0360541 2853.01 0.0167164 5334.21
0.619594 7.85721 5.23773 0.0476145 2131.37 0.00504014 5330.95
0.478418 6.35209 2.06034 0.162647 4594.83 0.00435487 5386.56
1.519 0.411717 1.07785 0.416055 16009.9 0.277432 5428.8
0.228486 5.86986 1.95476 0.0547895 8168.52 0.0200446 5345.64
0.725673 3.63863 2.44679 0.166838 4637.85 0.0293433 5342.12
1.05392 2.11457 9.64875 0.00661896 1611.85 0.000591487 5418.07
0.698933 1.172 3.34916 0.0769811 6886.31 0.0619112 5330.51
0.873323 4.46416 2.33189 0.136791 3732.34 0.0103663 5334.19
0.200541 4.37757 8.67587 0.0110065 670.025 0.000429414 5317.9
0.551379 3.53711 9.37559 0.380717 6138.48 0.0126305 5303.4
0.537723 4.20126 8.09565 0.0877802 1568.29 0.00319824 5356.04
0.345236 6.2392 6.24759 0.0390375 3732.56 0.0193601 5394.03
1.69451 2.39642 4.4186 0.661272 4052.9 0.0226209 5319.8
0.351284 5.439 1.6388 0.0297454 1856.92 0.00596021 5392.6
0.51459 4.92446 6.73745 0.049454 2037.33 0.00191865 5340.84
0.413857 4.93052 1.21783 0.0147431 6356.1 0.0672313 5383.89
0.603778 4.88047 1.42604 0.0179246 6655.81 0.0174348 5399.32
1.5164 1.76006 0.923529 0.289059 6024.98 0.0107807 5399.73
0.419955 5.01941 4.66453 0.0270148 2923.81 0.000161608 5347.41
0.533549 1.68528 0.478988 0.296442 7546.61 0.109033 5375.55
0.981188 3.17948 0.485564 0.184824 8877.25 0.0475161 5383.76
0.420421 3.41814 3.27367 0.0218378 1450.49 0.00240606 5324.43
0.352682 6.17845 7.54853 0.0114753 1217.55 0.00152832 5386.06
0.451446 8.25424 0.628696 0.0145257 3378.36 0.00737162 5329.6
1.21872 1.66088 2.10295 0.268451 4575.93 0.00531683 5386.23
1.74137 0.61889 4.7534 0.278015 2567.82 0.00141197 5393.22
1.18605 0.384951 5.50117 0.0241435 3963.66 0.0208764 5336.37
0.435065 0.785189 4.76438 0.0670032 6425.63 0.0183709 5369.84
0.490779 1.12567 3.66655 0.000762639 2208.49 0.00199482 5316.63
0.37817 4.40451 7.27323 0.00349609 2730.7 0.00383241 5328.22
1.33988 1.72054 2.12506 0.11614 3991.81 0.0141078 5391.32
0.254776 9.74666 6.75897 0.0276659 4353.09 0.00417896 5365.59
0.267244 5.0632 6.7484 0.029626 1398.74 0.00193956 5348.36
0.238399 8.28375 4.1943 0.00535257 879.933 0.00114392 5402.05
0.367909 2.03537 1.56998 0.452771 15189.7 0.183894 5387.85
0.316225 4.71984 4.83423 0.00422624 2102.26 0.000902461 5362.6
0.266112 1.81651 3.21286 0.0404003 14667.7 0.265472 5421.23
0.6632 3.17322 1.86038 0.0654725 6878.22 0.0276631 5351.71
0.348612 8.27579 2.15822 0.113681 5963.06 0.0446095 5378.76
0.745644 4.49132 3.05423 0.0759083 4071.18 0.00418209 5373.65
0.556913 2.37504 6.81042 0.25782 6482.38 0.0129377 5338.08
1.24023 3.04131 2.32087 0.149161 3426.73 0.00728405 5349.74
0.698725 9.03853 4.53547 0.0686758 2693.42 0.00162146 5390.71
2.4559 0.53788 0.808645 0.134597 6106.44 0.0137197 5390.65
0.813205 9.26766 5.59672 0.0828856 2530.35 0.00373682 5333.08
0.39898 6.99632 1.75085 0.0912612 4298.91 0.000468562 5360.23
0.507387 3.06755 5.71764 0.116446 5474.34 0.0355886 5297.44
0.504297 6.08495 4.74422 0.0847939 4237.48 0.0260438 5341.33
0.481885 5.53721 2.86152 0.180999 4325.11 0.0126931 5377.46
0.648179 8.42896 8.32075 0.0608536 1399.18 0.00175015 5382.89
0.857424 1.6256 1.91842 0.0110327 4350.7 0.0143535 5394.63
0.681498 2.42601 1.69686 0.149251 9439.08 0.011562 5387.19
1.11752 1.07429 0.714207 0.284129 7555.39 0.0880191 5356.24
0.248558 8.48087 8.07446 0.0277889 1094.55 0.000179578 5404.38
0.650988 0.472112 2.84949 0.0408837 4237.9 0.0147689 5375.86
0.405847 2.44443 4.89161 0.247847 6785.17 0.0104702 5389.5
0.688652 3.0625 2.80315 0.117018 4971.99 0.0585451 5412.97
0.636167 3.27527 1.70642 0.0110919 6516.93 0.0465598 5366.63
1.00821 1.12203 0.589133 0.235143 10989.3 0.0520303 5381.83
0.579782 4.38078 3.2902 0.0168341 6059.25 0.0185193 5365.58
1.0302 0.94193 7.02391 0.0638356 5087.82 0.0367578 5365.11
0.221518 4.35069 9.16659 0.10149 6196.31 0.00866821 5346.5
0.823793 3.0532 3.64533 0.0755615 1872.63 0.00823797 5374.46
0.537742 0.614742 4.24479 0.0427497 6770.48 0.0616293 5355.47
1.37375 4.376 2.90553 0.206164 3857.6 0.0163632 5383.4
0.206042 8.80508 8.10712 0.0441666 6089.88 0.00863323 5355.33
0.6344 2.76569 3.76154 0.208816 5314.03 0.0215078 5316
0.264972 4.56515 4.65773 0.0446919 1574.13 0.00265962 5421.43
0.590197 5.93347 3.5537 0.0449948 1483.01 0.00380445 5317.02
0.543588 9.75495 4.02846 0.0517702 3941.97 0.0139151 5374.03
0.679243 6.65228 4.23232 0.024789 1840.74 0.00119528 5363.46
0.436589 4.22172 8.12331 0.135805 8527.58 0.0281603 5336.04
0.371644 1.513 3.82159 0.124147 5650.06 0.00442172 5399.26
0.261971 5.31542 6.40806 0.0365035 13612.8 0.144369 5385.61
1.14891 6.7866 3.88396 0.155089 2882.55 0.0145579 5396.46
0.286971 4.81464 8.36123 0.0273985 4258.72 0.0105106 5339.78
0.235832 3.44175 8.87895 0.117759 4530.61 0.00855591 5360.07
0.261041 4.95564 5.54866 0.0480461 6052.65 0.0251489 5300.18
0.873639 2.16623 0.944406 0.0338627 3643.91 0.00415157 5398.99
1.24827 8.95576 2.93291 0.0764771 3595.3 0.00378923 5393.92
0.327346 3.69464 7.0239 0.0274533 6290.05 0.0127811 5323.05
0.269788 7.62564 3.51674 0.0259852 4223.43 0.0311718 5372.69
1.10534 4.88216 2.0209 0.142428 6943.31 0.00731083 5333.05
0.487752 6.24411 1.48637 0.217828 5248.52 0.0136769 5379.35
0.322749 5.76566 6.85464 0.0578554 6713.28 0.0280132 5388.77
0.777213 3.49728 0.756284 0.216388 8102.19 0.056161 5359.3
0.876449 7.05218 1.84984 0.321823 4681.38 0.0117805 5320.28
0.696447 5.12873 7.50061 0.0169392 2333.32 0.000433061 5340.76
0.292278 5.32969 1.53479 0.108435 7743.57 0.0670328 5370.21
0.852225 6.02269 9.0643 0.0275098 1501.37 0.00331006 5355.56
0.225671 6.5161 1.66195 0.0786633 13587.8 0.102764 5384.64
0.97128 1.09915 2.03637 0.580894 15930.3 0.0762329 5314.76
0.207283 7.25574 8.72643 0.122577 8301.75 0.0697857 5399.28
1.11343 2.33953 2.1654 0.142478 2876.33 0.00492068 5410.56
0.685052 3.19007 1.60299 0.335332 8629.05 0.0134671 5360.91
0.301253 6.01968 3.68844 0.0286061 8860.75 0.100333 5350.94
0.482297 2.24519 0.450044 0.443921 18985.8 0.117871 5383.51
0.502779 3.12895 1.6527 0.202947 7150.59 0.0710012 5378.14
0.231007 8.1389 1.93016 0.0293563 3065.72 0.00745844 5375.4
0.367051 1.17158 3.60476 0.00412612 2700.37 0.000702662 5374.31
0.236925 7.30259 7.89824 0.00242537 2461.29 0.00518946 5384.91
0.444482 3.20302 1.43776 0.00520708 2869.18 0.00249924 5451.7
0.421173 2.77308 0.585759 0.00217275 13825.9 0.217132 5424.2
1.39898 2.96691 3.79068 0.265189 3027.43 0.0121068 5374.34
0.455297 1.20864 1.51954 0.234441 8276.96 0.017835 5345.32
0.351267 4.39133 6.22936 0.0901972 6449.35 0.0438501 5370.08
0.460414 1.30185 3.4322 0.10703 7842.94 0.0191928 5284.38
0.213439 8.64465 5.94008 0.0353458 1607 0.000712562 5339.1
1.25826 9.24944 1.03732 0.0460022 1467.17 0.00235628 5342.28
1.45671 0.524002 2.99813 0.223225 7615.45 0.0316054 5362.59
0.93239 2.92713 1.01413 0.0403514 9785.93 0.00271922 5338.17
1.75296 3.02753 2.29816 0.242941 3995.74 0.0193176 5350.69
0.250981 3.81974 9.23699 0.0446501 5469.22 0.0085817 5401.98
0.461564 6.1977 2.70828 0.162674 4756.25 0.0156938 5399.43
2.50125 6.78459 3.21926 0.0280976 1278.03 0.00235135 5373.51
0.241585 1.59398 3.10604 0.0354062 7146.37 0.0346785 5357.22
1.19462 0.678132 3.31929 0.0983024 5718.48 0.0189529 5366.79
0.288616 8.96328 6.03268 0.0249396 3237.31 0.000669787 5356.24
0.339531 2.47173 5.75988 0.00964751 5504.34 0.0132447 5366.46
0.217254 1.03032 5.5949 0.0208736 3661.91 0.00638523 5367.05
1.13107 0.537145 1.2001 0.0173888 7927.52 0.0478542 5370.26
0.84797 0.544279 0.835131 0.0259392 17492.5 0.019785 5381.91
0.497981 5.75744 1.7756 0.0874662 5340.15 0.013232 5404.44
0.801403 3.65834 0.616304 0.256452 5185.39 9.02071e-05 5358.43
0.282512 5.9573 6.27863 0.0330505 5592.84 0.0211863 5344.09
0.469492 8.40938 2.1051 0.151243 3886.18 0.00280164 5353.57
0.548293 1.60813 1.70725 0.0616373 8169.02 0.0674202 5373.58
0.411096 1.357 4.51744 0.140597 7836.45 0.0305323 5377.02
0.299361 2.59201 5.1895 0.0448419 6228.67 0.034624 5365.93
0.95868 5.10489 3.51336 0.324219 3703.05 0.0102405 5393.06
0.262021 3.9639 3.78854 0.0416651 1850.09 0.000531851 5388.16
1.03432 3.6436 5.68131 0.199234 5409.38 0.0269067 5401.17
0.379841 5.95585 9.9408 0.140503 5546.41 0.00822777 5439.88
2.14774 0.318876 1.57816 0.33352 7938.5 0.119592 5390.9
0.531557 1.98663 6.02084 0.084287 9102.55 0.0672126 5351.72
0.222646 4.94713 7.85988 0.0164179 4336.71 0.00205722 5380.54
0.494282 0.607958 9.98729 0.16041 6889.33 0.0252848 5343.65
0.301896 4.99208 5.62952 0.0102827 2434.44 0.0033024 5362.03
0.719134 2.59923 6.12462 0.13206 5256.32 0.00948114 5377.3
0.366112 5.2759 0.299279 0.170005 14718.3 0.434182 5369.14
0.519387 2.04506 1.93348 0.0799462 11909.9 0.0307499 5398.76
0.235577 6.24535 4.24952 0.0665097 3888.35 0.00630332 5368.94
0.91187 1.09351 4.90033 0.114079 4856.64 0.000810597 5327.53
1.15185 3.48826 2.10771 0.0418153 1963.31 0.00321881 5388.85
0.389637 5.92889 4.50516 0.0186259 6882.07 0.00484666 5338.44
0.519509 0.745249 8.58878 0.16726 3463.99 0.000223336 5378.65
1.4929 3.40291 3.10842 0.112392 2432.66 0.000126618 5334.6
0.251035 5.42088 3.16691 0.0256604 3108.99 0.00424993 5359.99
0.349063 5.45921 4.19134 0.021507 7887.61 0.0292475 5312.9
0.320701 0.853061 3.51466 0.0186852 4470.93 0.00274302 5399.14
0.999054 1.13408 1.06779 0.839866 13654.6 0.0484168 5372.59
0.553062 2.52332 3.62057 0.164377 5509.4 0.0119824 5382.16
0.267798 5.67179 3.3203 0.152085 7155.09 0.0165511 5411.66
0.456228 8.65295 7.70229 0.0225856 1529.87 1.40673e-05 5349.69
0.280474 7.91993 9.40812 0.0669593 2703.26 0.0054699 5357.59
0.533317 2.42705 1.38159 0.0662192 4067.15 0.00046919 5354.35
0.259642 9.81832 3.81988 0.0411617 4201.12 0.00843545 5366.01
0.21995 2.91902 2.84582 0.043762 16273.5 0.202556 5358.12
0.275142 6.76013 6.99703 0.0221096 1215.28 0.000858129 5319.91
0.597052 1.50202 1.19437 0.196728 10910.8 0.0954704 5369.24
0.210653 4.14269 7.77983 0.00753328 3459.61 0.0138731 5305.26
0.243597 2.92125 5.16309 0.0500332 6333.22 0.0288828 5318.1
0.304439 9.02678 6.65566 0.0378862 8154.66 0.0356922 5395.19
0.304823 1.68767 0.640447 0.0792407 13989.6 0.318699 5418.9
0.253019 6.3137 9.54459 0.0269592 3864.71 0.026677 5387.14
0.402124 4.81844 3.53589 0.00308964 2920.88 0.00619577 5413.3
0.299805 5.42559 6.78489 0.0181479 4110.24 0.0262977 5344.43
1.16318 4.96408 1.89662 0.470472 4251.45 0.0313819 5359.6
0.420579 4.84438 3.29206 0.0990328 4194.52 0.022318 5359.55
0.703359 5.69923 3.78141 0.118812 2372.32 0.00151457 5322.68
1.07455 0.868184 0.589459 1.18089 15594.4 0.0894675 5319.84
2.01608 2.25593 0.608673 0.0740884 3765.34 0.00320913 5341.66
0.356653 4.88477 1.34191 0.239192 6221.68 0.0145221 5345.76
1.33271 0.80568 0.95111 0.738672 6287.58 0.0645913 5328.32
0.278469 9.91726 6.08439 0.00455754 2750.49 0.00269842 5365.4
0.92577 2.29533 0.972866 0.016395 6350.93 0.0274457 5386.04
0.737724 6.24588 1.71859 0.0550226 2973.65 0.0128972 5344.08
0.462128 3.356 7.75814 0.184457 11114 0.206081 5333.78
0.26988 5.88894 2.44064 0.0384792 10396.7 0.0520433 5368.54
0.236512 5.64185 6.57267 0.116957 7263.42 0.00186685 5408.27
0.638188 4.12183 3.50974 0.12549 5521.93 0.00598146 5423.74
0.235322 9.06006 2.91081 0.0313029 2208.07 0.00363243 5421.58
0.251074 6.82869 1.67965 0.0913146 7741.63 0.0994899 5393.12
0.272903 7.79608 6.7576 0.0118735 7246.95 0.0349501 5329.12
2.0879 1.10425 0.668517 0.591217 5991.8 0.0239966 5353.8
0.390815 9.75784 4.98539 0.0218747 2368.84 0.00330731 5368.35
0.350555 0.749644 3.52924 0.136635 11921.7 0.136581 5356.27
0.457177 5.37221 8.89815 0.0166004 1398.37 1.22593e-05 5383.88
0.272587 8.78572 7.64063 0.0284151 2578.93 0.00108089 5346.18
0.792291 0.923247 8.51854 0.211453 3367.59 0.0192432 5367.33
1.04167 1.14728 1.81841 0.0769648 7367.79 0.0408545 5335.87
1.87246 1.24815 0.739551 2.05788 12649.1 0.0860755 5302.11
0.378753 4.7508 7.07636 0.131829 9121.82 0.00211257 5390.12
0.70354 3.78759 0.485954 0.384486 8016.08 0.00944861 5365.28
1.0714 7.45098 8.54906 0.0699369 753.768 0.00129523 5339.05
0.941896 1.00792 0.437931 0.722034 12744.1 0.00520061 5401.31
1.2658 0.286394 0.583634 1.05035 13567.4 0.0607993 5327.97
0.785712 0.726198 1.90058 0.0850102 7869.56 0.0987534 5344.09
0.353488 5.55266 9.56309 0.0163867 3247.83 0.0274544 5366.32
0.51179 1.37567 4.52824 0.073466 4398.17 0.00255386 5378.41
0.402211 6.09928 3.77238 0.0641934 2806.34 0.00272278 5369.72
2.56266 1.00859 0.471052 2.41998 10397.5 0.164928 5324.86
0.452281 7.40198 8.98663 0.0175736 1300.04 0.000851683 5364.59
0.668161 8.15787 1.99153 0.0155355 3192.27 0.00422396 5473.71
0.838562 5.01017 1.18629 0.356131 5195.33 0.00437294 5363.28
0.49312 4.57643 9.95632 0.0204676 1541.82 0.000190338 5338.08
0.617096 3.78089 8.14938 0.073165 1880.08 0.00101143 5403.93
0.244891 5.42962 8.17523 0.0156923 1909.98 0.00142298 5371.4
0.210558 9.63196 9.06304 0.00318947 4318.5 0.00155511 5434.72
0.759916 0.776497 3.19691 0.110827 3997.04 0.00385296 5334.42
0.313403 4.74331 5.78427 0.0915995 13774.1 0.0924947 5380.95
1.15994 0.961972 3.70842 0.0413912 3336.86 0.00269102 5372.96
0.24453 5.18312 5.91197 0.13982 5783.46 0.0137762 5416.38
1.48701 1.9143 3.5124 0.119288 3233.5 0.00272792 5333.43
0.827824 1.03072 2.03875 0.269045 6022.96 0.00540792 5335.53
1.75626 0.236911 0.404822 1.63742 19026.4 0.121719 5380.27
0.236804 5.67751 5.33532 0.00226912 1302.77 0.00215191 5389.93
0.287268 1.62441 5.81258 0.0413065 1783.24 0.00341784 5379.97
0.506893 2.15439 1.3441 0.0181799 12742.7 0.139847 5429.75
0.276808 4.88921 1.57904 0.0147545 597.444 0.000309403 5390.74
0.318412 3.49774 5.91957 0.0237914 6076.21 0.00332775 5377.27
0.21634 7.05878 9.97884 0.111925 5288.72 0.0212957 5398.88
0.876989 1.10321 5.76495 0.152385 4041.8 0.00680663 5368.99
0.562545 1.63925 0.435933 0.211043 8712.03 0.00932904 5402.02
1.20338 8.71005 2.01041 0.585217 4348.07 0.0212834 5361.01
0.304152 6.35916 5.18628 0.0119619 3277.17 0.00983584 5365.22
1.07552 5.72543 2.94262 0.0774011 4040.02 0.0280028 5363.89
0.711687 1.83225 8.79932 0.0165048 1963.28 0.00219143 5339.68
1.82984 0.27244 1.00153 0.138314 5150.75 0.0227983 5396.36
0.475011 3.84254 9.19742 0.328296 10326.5 0.0840521 5364.02
2.26673 0.437523 0.558168 1.89319 13716.6 0.0181753 5386.69
1.43368 1.15893 1.1727 0.454718 5090.69 0.001835 5352.86
0.378065 1.69127 6.18522 0.150146 9802.99 0.0867159 5353.38
0.760231 1.78777 1.05104 0.344431 14418.4 0.0685854 5421.24
2.16314 3.20891 4.47194 0.151409 2929.86 0.00126777 5366.17
0.223735 4.22203 6.14383 0.0817715 6943.4 0.0547159 5342.55
1.50344 0.777399 4.20771 0.286892 3661.49 0.0108197 5396.84
0.502163 9.65131 9.11431 0.0153925 1562 0.00269785 5348.89
0.458612 2.4518 7.23693 0.0416395 954.248 0.00192811 5368.71
0.366628 3.10192 3.35678 0.0398092 6205.86 0.0112483 5392.3
0.240643 7.47168 5.55401 0.0486793 7133.54 0.0187071 5305.6
0.217072 3.41957 6.06211 0.0023802 2347.57 0.00189326 5363.03
1.22001 6.47306 6.35089 0.0667614 3441.39 0.00232394 5349.47
0.59571 0.30942 1.36053 0.0338976 15970.8 0.0191963 5337.37
0.236455 3.03542 5.47759 0.183927 9539.51 0.0125426 5317.99
0.79587 3.28386 3.80587 0.0847202 3116.64 0.0105402 5390.64
0.555501 1.32462 0.605592 0.413122 13966.2 0.0496598 5303.47
1.48223 4.87402 2.38899 0.548413 3109.47 0.0106685 5352.94
0.893108 2.55407 2.18213 0.116605 12199.2 0.0231499 5380.65
0.333862 2.55141 3.10881 0.036279 11228.3 0.028196 5350.12
0.4732 9.62512 7.7808 0.0130995 907.717 0.000806813 5311.74
0.581852 0.791041 3.5952 0.0716264 4182.6 0.0095311 5387.89
0.953227 2.41143 4.39894 0.19035 4580.27 0.00165888 5371.61
0.646845 1.20216 0.533745 0.0761494 5648.82 0.000366404 5325.13
0.200513 8.60094 9.73147 0.0503739 3715.84 0.00684593 5366.78
0.487557 1.21949 8.52623 0.0653674 4212.35 0.00561762 5399.61
0.472379 7.62655 6.04513 0.0470475 1585.92 0.00630789 5415.09
0.579963 2.15414 4.07208 0.194107 9040.98 0.10825 5365.81
0.280756 4.12964 8.78547 0.0780866 5200.97 0.0135303 5363.86
0.944499 1.21915 4.52304 0.322903 4107.8 0.00290129 5416.65
0.415072 1.96599 5.7991 0.022508 5735.95 0.0353173 5314.62
0.526694 4.48125 4.90837 0.0107848 1370.08 0.000352607 5402.91
0.226187 6.00061 5.12702 0.0256642 1007.14 0.00132937 5321.99
0.685019 1.87099 5.89618 0.0774848 4426.34 0.0377363 5391.9
0.328662 0.0242924 2.5379 0.211955 9534.34 0.0592093 5337.1
0.852552 9.33193 8.51446 0.0492163 1758.19 0.000846394 5378.07
1.73133 1.44185 3.22405 0.900964 6180.29 0.0328911 5376.54
1.11623 6.40139 7.18585 0.00940246 3307.13 0.00794568 5361.61
0.291372 3.14717 2.95893 0.107861 6487.93 0.0249034 5365.93
0.580728 5.63148 5.34265 0.0292114 3703.07 0.0101014 5314.39
0.912661 5.96523 4.84402 0.0217005 3640.07 0.00600027 5339.43
0.345771 7.41233 3.74468 0.0710361 2733.34 0.0101802 5383.86
0.666466 7.64659 4.81641 0.079631 1555.42 0.00071828 5324.39
1.20662 1.48889 1.70179 0.024774 4445.99 0.0294645 5335.32
1.19381 9.13734 4.05215 0.371639 3055.41 0.00095741 5397.06
0.358571 5.40952 4.22785 0.0212212 3698.78 0.000587347 5370.9
0.243979 4.10979 4.46155 0.0472727 2717.09 0.00186456 5370.44
0.416073 0.33336 2.25937 0.121291 7916.88 0.0365853 5286.78
0.375793 3.76921 9.14621 0.224218 9005.87 0.00920458 5377.88
0.286703 5.19383 7.15446 0.00650113 3953.5 0.00889734 5366.84
0.4547 5.69555 7.63875 0.0800579 6137.23 0.085377 5417.23
0.389416 4.47778 2.93597 0.156409 5260.78 0.00828573 5327.05
0.322168 9.77595 2.05417 0.0149703 1636.13 0.00132734 5384.13
0.477479 1.60498 0.187814 0.0371976 12969.5 0.224604 5355.93
0.234604 0.767511 3.99879 0.222735 9025.15 0.0843798 5416.12
0.383002 7.43382 8.89963 0.0762344 5891.35 0.00247344 5397.9
0.583919 8.30522 1.4171 0.176702 5413.4 0.00325 5345.32
1.49376 6.14089 6.68486 0.0261628 1622.92 0.00291746 5343.85
0.259248 7.48867 8.41705 0.0990134 4054.31 0.0012006 5332.59
0.551062 7.77254 5.73952 0.0650373 3476.54 0.00511795 5402.79
0.213456 5.73676 6.44544 0.0175683 2023.46 0.00133019 5374.81
1.02351 0.932917 3.02888 0.646484 4991.34 0.00931085 5334.39
0.584324 8.24349 4.06462 0.144485 2505.61 0.00443147 5333.07
0.270905 0.50295 5.90439 0.00638511 6796.73 0.0261012 5417.66
0.727427 7.77187 1.87827 0.027478 6702.31 0.0305364 5360.35
0.308572 1.09018 3.09149 0.0225896 9344.48 0.101839 5379.25
0.783642 1.07943 0.359356 0.0425141 13487 0.156777 5355.62
0.334857 4.2598 2.69231 0.298215 10031.2 0.0734248 5373.9
0.497045 0.502007 1.33398 0.298561 12306.6 0.0455201 5361.43
2.09278 0.992424 0.773341 0.59018 9813.8 0.00894499 5370.57
0.397546 1.25029 2.6528 0.193857 11479.4 0.110288 5350.88
0.257976 8.08788 6.90047 0.0411542 1543.74 0.000196179 5398.57
0.240936 8.31268 8.86609 0.128759 6619.57 0.00695369 5274.27
1.62931 0.146958 0.664768 0.110484 3488.49 0.0145728 5372.45
1.11341 1.39726 1.60245 0.605294 6196.08 0.0132065 5376.36
0.506956 2.59319 3.92285 0.00927256 7431.49 0.0256248 5362.77
0.582679 2.6786 3.32742 0.175861 7347.27 0.0473935 5430.18
0.962275 5.44269 4.91953 0.0296938 952.525 0.00114156 5332.93
0.864682 1.02591 0.683946 0.640611 7346.55 0.0908262 5390.89
2.61229 1.53528 0.47148 0.632517 9548.34 0.0102695 5371.41
0.488677 8.80927 8.25613 0.233877 6632.4 0.0174156 5345.32
0.889755 8.33287 9.83604 0.0188917 1184.26 0.0021101 5373.38
0.36615 7.03702 8.65576 0.0188427 4240.44 0.00872534 5411.5
0.30163 8.02834 6.08119 0.0202361 3692.46 0.0126087 5395.8
0.567064 9.24167 9.29351 0.000392887 870.039 8.61219e-05 5345.6
0.318281 3.57678 9.26987 0.0736157 5645.36 0.0329928 5361.33
0.368572 0.52615 2.40159 0.0205079 7178.44 0.0704943 5434.43
0.490742 4.79797 1.24416 0.0165805 5169.46 0.00874072 5385.4
0.585493 8.08304 7.43449 0.00702984 752.576 0.000216851 5352.43
0.214127 3.50286 1.34322 0.045018 5042.84 0.00164389 5377.11
1.48341 0.39646 2.17283 0.47158 5802.69 0.0258004 5301.81
0.612311 7.4792 7.3875 0.17473 4710.15 0.00327059 5349.2
1.67955 0.379877 2.00567 0.516411 5241.93 0.0489594 5338.22
0.495568 8.89387 5.55237 0.00878275 3546.98 0.00931923 5379.67
0.891005 0.843972 0.576289 0.511684 7514.82 0.0959468 5343.16
0.631466 0.890015 1.2929 0.0730305 6414.95 0.0348943 5372.97
0.855952 5.16314 4.83708 0.083461 4429.56 0.00187616 5349.17
0.216294 1.04755 4.69393 0.0234506 9858.25 0.0692217 5339.78
0.801855 1.03673 1.57205 0.267098 12692.2 0.202488 5346.16
0.913419 1.8058 3.09173 0.204028 5272.85 0.0197727 5376.45
0.328466 3.20951 4.76905 0.00663047 5234.32 0.0293834 5386.73
0.703858 7.13596 4.36649 0.0116539 4109.75 0.000603626 5335.36
0.244368 6.37665 4.02118 0.0130356 4111.92 0.00822581 5329.96
1.61384 4.31074 4.85265 0.0246055 1074.32 0.000211409 5322.32
0.761884 2.31652 2.37605 0.126476 5731.35 0.0183912 5336.93
2.51602 4.4968 3.3837 0.0845203 853.121 0.0021212 5370.37
1.55212 1.13163 1.52288 0.805166 5664.68 0.0260799 5358.28
0.200764 4.87631 9.29898 0.00272447 2439.23 0.00194846 5342.69
0.472046 8.87529 8.86582 0.127647 5673.77 0.022576 5308.5
1.23031 2.37536 1.62526 0.0945201 4012.79 0.0235231 5323.14
0.329341 3.51908 8.41488 0.254122 5837.27 0.0334499 5343.36
1.0708 0.825525 0.691157 0.635591 8960.83 0.00627261 5329.9
0.235727 7.60183 8.60581 0.0661972 6835.23 0.044902 5367.71
0.572056 1.68045 3.1845 0.0416588 4121.42 0.0378795 5365.96
1.97275 0.251195 0.198389 2.09469 9948.45 0.131156 5353.69
1.05515 0.180428 0.429595 0.357314 14271.1 0.0196691 5358.55
1.08348 1.43448 7.32581 0.215441 2994.23 0.00422928 5350.85
0.44865 2.46656 1.16027 0.152343 10397.5 0.0368651 5361.19
0.572222 8.29779 6.19997 0.0122567 614.74 0.00082034 5352.28
1.14626 0.847546 1.81906 0.473807 8486.88 0.0415248 5322.07
0.279365 9.11125 6.93282 0.347946 8752.71 0.0346374 5407.56
0.31349 0.670322 4.40859 0.00397708 1466.94 0.000722103 5401.44
0.640052 3.53991 4.06949 0.0655178 6503.54 0.0354351 5364.4
0.42444 8.93465 4.94859 0.00197212 3453.62 0.00884566 5401.11
1.24053 7.54932 4.14499 0.236206 1807.19 0.000345979 5384.55
0.770705 1.58081 0.42772 0.0541304 11213.3 0.072285 5326.02
0.323683 3.35279 2.0179 0.0829121 3602.17 0.0144312 5412.09
0.583385 9.32668 9.08417 0.00176262 2082.44 0.00530667 5391.15
0.30674 9.38817 3.03252 0.0457475 5774.52 0.034723 5365.11
1.60033 0.590423 8.14182 0.00483437 2263.08 0.00697332 5374.31
0.866714 5.21596 2.08646 0.0636683 2672.03 0.0104517 5343.45
1.52596 1.78013 1.63726 0.0285285 3713.37 0.00261127 5394.89
0.73774 1.42894 0.796373 0.646973 7628.46 0.0450111 5394.02
0.289597 3.39695 2.17424 0.032356 10386.8 0.0840991 5378.64
0.482167 2.65741 4.59566 0.0973772 3672.88 4.87681e-05 5381.23
0.376304 1.41952 2.69182 0.257615 8871.91 0.00347484 5346.23
0.402253 2.56381 1.98593 0.0286407 12069.2 0.222842 5382.58
0.732053 7.19588 1.08578 0.162847 2929.96 0.000880927 5381.86
0.418453 1.53529 2.00444 0.187394 6358.1 0.0292199 5362.92
0.407841 3.5424 0.67378 0.0557285 6949.53 0.0373056 5351.28
0.228575 7.42556 6.91096 0.0208381 1621.57 0.000420503 5362.22
0.372325 8.83424 5.12195 0.0517597 2561.32 0.000758756 5381.3
0.652017 8.23135 1.06133 0.00124944 1087.92 0.00129644 5378.67
0.806818 1.99737 5.24769 0.0541649 3730.63 0.0197226 5423.69
0.231523 5.28997 2.97738 0.030148 5541.34 0.0217843 5315.76
0.207215 0.786699 1.29124 0.0324959 8617.02 0.0504836 5330.25
0.621879 5.99928 6.48286 0.193929 4646.78 0.0354756 5414.31
2.36545 0.584621 0.0180898 1.46169 7724.22 0.0807645 5410.64
0.366416 7.43623 9.81811 0.0231558 1591.97 0.00286828 5378.98
0.243248 4.76341 5.23767 0.196006 6372.17 0.0279405 5406.75
0.367472 3.74058 7.65887 0.271613 12112.3 0.0580827 5333.66
0.362337 5.39141 4.89144 0.0464432 840.425 0.000209806 5344.37
0.571791 1.22621 4.09479 0.176377 7556.85 0.00905125 5320.26
0.514374 4.64959 3.11484 0.038945 3066.29 0.00240907 5378.2
0.240381 4.6086 4.77309 0.126962 4413.81 0.0141323 5416.44
0.320061 5.86582 8.7845 0.0559256 3181.77 0.0031066 5367.19
0.211435 3.1146 2.02503 0.0111908 10338.4 0.00699623 5349.82
1.19433 3.01681 5.80425 0.243866 2587.2 0.00287976 5406.67
0.420163 1.88403 9.84697 0.0579664 3603.13 0.00813428 5374.46
0.226156 5.51207 6.09211 0.08389 5361.1 0.00060573 5370.87
0.617753 2.2711 1.03432 0.0272947 12882.1 0.0183304 5345.85
0.781523 3.53193 3.93894 0.712182 11104.5 0.10941 5444.09
0.423266 8.61889 7.18919 0.157732 6163.98 0.0489392 5297.24
1.56802 5.84 0.908599 0.215056 2232.66 0.000916135 5385.03
0.201153 9.62916 8.92129 0.00242011 761.122 0.00124296 5394.56
0.620399 6.86313 9.09585 0.0296289 1568.55 0.00191704 5405.24
0.255981 8.648 7.1877 0.0301183 2205.62 0.000166105 5330.08
0.67337 5.35395 5.97941 0.124019 4477.73 0.0387909 5398.12
1.27812 3.43339 2.23911 0.251083 1375.04 0.000595675 5369.99
0.5444 4.30613 8.86063 0.0158135 748.407 0.000335713 5337.77
0.27172 8.8021 9.28932 0.0210599 2487.33 0.00700337 5387.26
0.20575 4.34795 1.65026 0.102643 9136.39 0.0170418 5340.52
0.931383 3.17125 2.39639 1.13506 10887.6 0.123161 5395.35
1.26487 0.391181 5.54688 0.173371 7331.61 0.0609197 5384.7
0.833458 6.2839 4.62826 0.0410068 1822.34 0.00216449 5353.98
0.310668 7.66412 5.26193 0.0385412 2323.94 0.00532554 5335.68
2.31503 4.00184 1.80433 0.613996 3729.52 0.0179541 5346.79
0.41617 5.90226 1.42212 0.0167028 8072.21 0.0234353 5321.48
1.29148 9.56753 2.28426 0.211312 4276.62 0.00655753 5365.69
0.389135 7.60895 1.97664 0.0374381 2643.42 0.00184901 5383.88
0.344568 0.64743 7.82379 0.0707423 7373.37 0.0471035 5421.62
0.231074 3.29901 7.12631 0.0521039 4975.26 0.00473258 5351.15
0.29415 5.2016 5.52525 0.0247005 1699.52 0.00206875 5407.71
0.316761 6.48959 2.74616 0.0662081 8706.79 0.0769566 5368.35
0.770845 3.43753 5.44046 0.26215 4470.15 0.0277195 5363.83
0.617637 2.61819 2.17963 0.0201596 7218.36 0.00345251 5362.46
0.479914 1.86309 1.36534 0.0285529 16535.8 0.338209 5385.78
0.296499 5.80659 5.19549 0.00885793 5618.82 0.0100477 5357.79
0.902083 2.7335 8.06744 0.179415 3072.31 0.00983114 5340.2
0.210913 3.07659 5.67641 0.0114105 6126.67 0.00541402 5387.55
1.22516 0.824848 0.282281 0.0734421 6950.34 0.00664929 5342.41
1.5704 8.60406 5.75794 0.0224005 2323 0.00517448 5322.28
0.389243 1.02402 2.43398 0.131202 5161.79 0.0220682 5446.13
0.380627 5.93722 7.23008 0.0558734 7161.41 0.0103639 5345.45
0.525557 9.37193 8.20739 0.139792 2612.22 0.00686474 5313.29
0.521143 8.72818 2.93728 0.104991 2518.1 0.00410698 5352.98
0.215915 3.68871 1.73825 0.0388946 5354.51 0.0391756 5391.87
0.850496 2.27657 2.94313 0.269726 6691.26 0.0377201 5347.12
0.290383 9.57368 5.76016 0.0234892 1877.05 0.00137408 5334.82
1.24082 1.26291 0.770023 0.234507 8374.33 0.00460572 5379.37
0.716612 7.66378 8.87596 0.0727921 1758.42 0.00257269 5367.07
1.62785 0.297229 2.53015 0.228738 8309.71 0.0348196 5364.44
0.265257 6.91688 8.69463 0.00153785 6991.15 0.0282092 5362.74
0.278314 6.25722 5.33087 0.00178133 2501.37 0.00118503 5405.68
1.01355 3.59217 1.57316 0.110959 4310.94 0.0168147 5406.79
0.450373 7.97144 5.0033 0.159204 3789.6 0.00716414 5376.79
0.728654 5.26624 2.04473 0.177479 5398.49 0.0125811 5375.73
1.02501 4.03773 3.98808 0.180833 3012.43 0.0203619 5352
0.357906 7.03756 2.51108 0.274889 5060.22 0.0174038 5353.13
0.222732 2.85587 3.1488 0.243157 17694.9 0.0593239 5401.78
0.5793 2.52226 4.61564 0.0234034 3910.87 0.014853 5355.94
0.257077 7.48211 6.39951 0.0232205 8643.58 0.111568 5429.88
0.285939 9.22647 3.83349 0.0472017 4483.58 0.0275843 5398.92
1.97562 0.853314 0.108085 0.278048 12164.7 0.00183017 5370.78
0.651548 5.77724 7.63997 0.319086 3048.14 0.000164659 5374.76
1.29678 2.01507 3.15286 0.180328 2294.18 0.00488259 5403.7
0.40319 1.9947 7.71364 0.0347266 2328.09 0.00277922 5401.19
0.411138 5.11428 3.47523 0.211964 4768.77 0.012406 5351.01
1.21406 0.180545 4.93875 5.86784e-05 6738.67 0.0961557 5323.18
0.274051 6.796 4.01998 0.0480129 3437.95 0.0224248 5397.14
0.397969 9.70634 3.97501 0.114125 3718.79 0.000632938 5351.79
0.910569 3.51009 1.41785 0.728309 7677.86 0.0142812 5373.66
0.335234 1.599 0.284716 0.169441 17418.3 0.188262 5408.99
0.419363 4.00949 1.88728 0.183161 5930.05 0.00173279 5358.71
1.49833 3.21784 1.96026 0.363449 3312.63 0.0222254 5341.87
0.265733 8.97303 8.32318 0.0270892 7310.66 0.0581505 5327.43
0.841806 2.13985 8.1949 0.135368 2802.75 0.000932694 5339.53
0.310839 2.04375 5.46672 0.00445022 3266.73 0.00456877 5377.62
0.297586 7.2693 4.91246 0.0627448 6240.82 0.0322373 5348.81
0.585308 2.06631 5.95112 0.0107984 1563.78 0.00300459 5336.42
0.810744 1.73544 9.127 0.000181899 1259.84 0.00081405 5372.03
0.550269 3.56345 2.20694 0.206985 4671.71 0.0113968 5347.03
0.231368 4.58274 6.17101 0.0618862 6302.55 0.0287039 5399.77
0.792281 0.724001 1.86035 0.224111 9146.33 0.0520634 5359
0.561138 7.48765 6.86755 0.00461667 1782.39 0.000950448 5345.57
0.361748 7.24155 6.64091 0.018442 3593.87 0.0136084 5380.79
0.824183 7.08727 3.69832 0.00788917 1363.26 0.000107601 5395.97
1.36785 4.41697 0.997832 0.0283803 2205.27 0.00589844 5355.64
1.2005 0.708019 0.500569 0.31424 4946.16 0.00964424 5409.77
0.348991 9.7341 4.86788 0.0217654 2326.01 0.0030629 5357.62
0.956481 4.82161 2.68163 0.0718919 2624.32 0.00839478 5329.76
1.33074 1.49435 2.52693 0.763667 6243.47 0.00854831 5409.44
0.773003 2.37712 8.64064 0.182145 4090 0.0188833 5388.22
1.09442 1.59832 3.10506 0.071635 3633.05 0.0314174 5407.13
0.502712 3.22365 2.72052 0.0413518 11718.4 0.299134 5372.93
0.433136 4.58869 6.26003 0.00410788 1118.37 0.000272891 5444.71
0.361846 8.43183 6.09899 0.170416 7281.89 0.0134032 5319.74
1.31991 3.14584 5.44573 0.0915645 1545.18 0.000240084 5376.27
0.260044 1.02298 7.43948 0.0622154 5067.13 0.017874 5374.82
0.431076 6.7538 2.67656 0.0991399 4977.63 0.0315749 5316.75
0.242286 8.52106 4.00685 0.0156764 5002.94 0.00426103 5432.99
0.634512 1.5431 6.16056 0.110186 7083.6 0.0598941 5347
0.723159 0.86868 0.375991 0.445027 11179.9 0.0349566 5377.71
1.80073 1.48157 4.1765 0.169419 1917.28 0.00147061 5345.78
0.372796 8.2929 0.711821 0.39906 13565.5 0.0993458 5326.02
0.717157 1.84773 1.68357 0.036144 15695.3 0.177214 5356.92
0.819743 3.31107 0.0635717 0.70763 11628.4 0.0262329 5350.03
1.31705 1.33854 4.326 0.419089 4127.39 0.016536 5360.64
0.36785 4.37143 1.1135 0.0408358 6725.8 0.02412 5391.6
1.34145 2.73708 0.989621 0.877175 7362.71 0.0228016 5302.63
0.847437 4.19999 3.52766 0.185352 3169.91 0.0111607 5330.53
0.266927 3.60357 1.16325 0.0302347 19001.4 0.12312 5390.17
1.1363 0.956197 0.959884 0.509191 16277.9 0.244807 5407.03
0.646605 4.31145 2.24352 0.320321 4997.98 0.0248268 5428.96
1.27625 0.390865 0.482 0.929218 14377.9 0.402344 5367.94
0.525548 1.22377 3.65924 0.234632 11947.4 0.126023 5421.2
0.772834 4.03565 3.62982 0.068332 2786.43 0.000327783 5318.27
0.308241 5.77646 5.74778 0.0040294 1284.07 0.00163754 5337.97
0.550629 3.74516 4.17862 0.127949 3616.46 0.00961764 5350.59
1.08122 0.75249 1.06593 0.17558 10866.5 0.0841346 5384.91
0.642393 3.46668 0.42915 0.206606 17310.2 0.00337941 5391.56
0.401779 0.531219 2.3014 0.066838 6404.91 0.0396694 5372.57
0.341813 3.27502 4.61279 0.127436 8638.25 0.0247761 5354.06
0.556627 7.45067 3.99887 0.0185126 2092.51 0.000763637 5385.69
1.27702 0.305396 0.884969 0.259042 5434.02 0.0167763 5392.22
0.226655 8.63242 7.9597 0.0460115 4030.14 0.00881838 5345.57
1.38584 7.1283 3.12911 0.203257 3340.28 0.0105265 5317.03
1.38355 0.584449 0.750453 0.252582 8921.78 0.0497347 5370.74
0.909964 0.948446 2.37434 0.296666 7541.29 0.0194416 5345.2
0.374563 7.47478 4.50296 0.0966174 5197.83 0.00404347 5378.91
1.88047 1.01765 0.479853 0.27172 11683.1 0.0466758 5396.06
0.222067 2.74356 8.48518 0.0162082 3458.72 0.0124031 5371.82
0.605082 1.71902 1.36971 0.037106 1783.75 0.00163724 5394.92
0.549924 5.54632 3.68159 0.00177495 5632.82 0.0327241 5371.44
0.248898 0.952915 3.0349 0.0375429 8241.2 0.0429283 5427.79
0.61588 7.27685 1.63444 0.0195529 4388.38 0.000547134 5377.19
1.59187 0.46243 0.379983 0.223394 11426.1 0.0993735 5374.9
0.22825 0.67683 3.24184 0.0105619 6360.98 0.0446503 5357.27
0.507373 5.0059 2.74944 0.250668 8887.27 0.0302499 5346.45
0.893243 1.53054 2.23456 0.0798623 3398.95 0.00719219 5333.26
0.412887 3.88102 3.21061 0.116504 7968.4 0.0298951 5448.48
0.618985 5.06552 8.36705 0.0656596 3032.2 0.00685198 5288.33
0.218276 9.11199 7.02077 0.0152876 1423 0.00118274 5358.67
1.20054 1.95877 2.10466 0.507374 8106.48 0.0457841 5367.6
0.711032 4.00408 2.59625 0.0234077 4319.18 0.0188305 5355.81
0.488098 4.26 2.75901 0.371513 9927.92 0.00852475 5335.68
0.52181 1.98881 3.7728 0.0938399 5238.12 0.0127269 5389.9
0.561464 1.51537 9.74041 0.0990022 1965.42 0.00254952 5355.08
0.860022 0.0998965 3.79393 0.534296 10073.5 0.0332777 5378.29
0.534009 3.96514 3.6771 0.0933164 3070.61 0.00154614 5405.6
0.203343 3.08067 6.68025 0.0327651 5622.51 0.000872027 5383.7
0.653757 2.689 1.11728 0.0319579 7455.82 0.00179516 5405.09
0.740056 7.03342 8.36725 0.0636498 987.953 0.00121735 5422.54
0.244726 6.00454 9.88372 0.0728973 8297.92 0.061271 5380.32
0.23229 5.50925 0.993126 0.0196206 3004.11 0.00723283 5350.13
1.05821 2.0269 4.1549 0.043836 3893.8 0.0311531 5404.97
0.32827 7.07492 9.59632 0.070882 2123.14 0.00245246 5392.4
1.08106 3.009 1.882 0.00447045 3454.94 0.00421736 5286.9
1.39676 0.165658 0.174221 0.40411 13473.7 0.0251587 5335.01
1.05748 1.35653 2.20987 0.572326 9016.71 0.0647443 5348.69
0.870247 4.06255 8.14472 0.091344 1230.59 0.00111614 5385.77
0.323272 1.63355 8.61764 0.0995504 5998.96 0.0632474 5386.23
0.476478 4.54603 5.41613 0.0023166 1172.95 7.21717e-05 5361.36
1.07421 1.84332 0.97313 0.175646 6193.99 0.0280301 5343.2
0.244333 1.81007 2.51327 0.0505605 5855.76 0.0250456 5364.77
0.405716 7.54043 5.02884 0.0032908 4362.47 0.017787 5370.92
0.30248 0.458941 2.05973 0.266815 12268 0.0677742 5424.7
0.425477 1.88843 2.79292 0.293115 11575.3 0.144488 5345.64
0.369982 1.79314 2.63641 0.277903 9706.6 0.00916322 5365.99
1.77558 0.901011 2.13377 0.638843 12041.9 0.017723 5416.15
0.555344 5.04273 3.08701 0.11082 3548.6 0.00362135 5396.33
0.605878 7.2354 2.99604 0.122582 1877.97 0.0017449 5354.87
0.251955 1.56414 2.54308 0.00276826 7990.64 0.0149712 5363.17
0.560708 3.35566 0.394872 0.266554 9014.82 0.0753263 5387.86
0.34789 5.7015 6.02529 0.00328532 5038.17 0.0157791 5333.07
1.10066 0.23826 2.72726 0.129397 8411.14 0.0919428 5389.64
1.00745 2.01722 0.533528 0.0949778 8826.31 0.0965831 5358.57
1.09508 3.65061 1.19478 0.111551 4976.86 0.014326 5361.73
0.445821 3.12276 9.3834 0.0201263 3707.15 0.0243752 5368.98
0.354138 2.33865 6.46261 0.0629073 7701.39 0.00568645 5349.46
0.911592 6.564 8.88127 0.0419241 2684.01 0.00849666 5357.39
0.354904 9.56367 2.01159 0.125679 4437.91 0.0284761 5388.7
0.449752 2.52499 0.605576 0.0119415 4961.85 0.0111397 5393.1
0.401294 2.90661 8.60118 0.0794639 5797.4 0.039994 5402.63
0.567562 3.56036 3.71188 0.00642367 2992.61 0.00616569 5334.31
0.275831 3.19356 7.63665 0.0427869 2926.34 0.0121876 5310.02
0.771634 2.75382 2.04751 0.186238 6123.29 0.0851333 5319.19
0.401064 4.26654 3.53627 0.0367555 10328.1 0.0252458 5349.27
0.283579 5.24782 8.96447 0.0390402 1970.02 0.00263208 5403.05
0.203136 7.05889 4.1375 0.0112756 3147.58 0.00396987 5396.81
0.599871 2.38409 7.55224 0.590385 6005.68 0.0123776 5329.9
0.577515 7.81812 4.99849 0.0741088 1512.79 0.0039279 5385.71
0.269259 5.87156 2.29402 0.189159 10588.5 0.0928058 5371.18
1.05394 1.43167 1.61225 0.0811232 9924.19 0.124317 5369.73
1.67954 1.94654 2.17961 0.21464 5854.75 0.0232531 5382.44
0.489316 0.695009 2.83359 0.322303 8578.84 0.0317598 5366.84
0.284122 7.12585 8.50105 0.00554953 4394.92 0.00179965 5339.07
0.549745 9.11947 1.77784 0.0866674 3768.71 0.00540038 5347.48
1.03779 0.229907 2.30766 0.991831 19173.3 0.16578 5361.12
0.483383 0.62305 6.16322 0.264202 9916.21 0.00654943 5348.59
0.247481 9.06008 3.52757 0.00648328 714.31 0.00143993 5366.27
0.329812 2.58361 3.33938 0.0672761 5699.01 0.0442703 5310.79
0.997693 0.37026 0.934346 0.81594 8041.44 0.0257048 5388.94
0.429625 8.48121 5.95561 0.0312826 2120.91 0.00275657 5320.6
0.358188 6.32653 4.2577 0.0355226 3410.46 0.0161481 5345.58
1.38114 0.749926 1.35334 0.481065 13842 0.276135 5366.89
1.07727 7.34918 7.75821 0.302125 2808.3 0.00126071 5382.65
0.266996 2.4284 5.25241 0.113592 4956.64 0.0321911 5370.44
0.542098 2.41647 7.0379 0.219969 5935.01 0.00402028 5343.3
1.69032 9.84216 3.38258 0.260755 2616.18 0.00259607 5417.85
0.601052 6.32461 4.48397 0.0502163 1968.37 0.00199816 5354.79
0.471184 8.67829 2.65836 0.187088 6477.64 0.0617365 5357.14
1.50162 0.627666 0.962317 0.361853 17853.4 0.0947688 5338.36
2.13601 6.67155 8.00471 0.0454367 1315.86 0.00291788 5323.6
0.25619 1.77805 2.21226 0.195296 17517.5 0.239889 5327.28
0.526529 4.93916 3.66181 0.0523352 1024.1 0.000270122 5358.33
0.434675 0.81481 6.39011 0.0769586 3947.69 0.00601733 5353.5
0.211063 1.90923 7.04143 0.0512247 9130.71 0.0935682 5369.09
1.04833 2.76 3.51221 0.0693634 2983.24 0.00170108 5399.14
0.413985 2.54752 3.42444 0.03765 2113.86 0.00126124 5346.11
0.361377 1.37786 1.07523 0.307801 11136.2 0.0195215 5388.33
0.253169 5.76057 9.98679 0.0425214 6215.39 0.0154963 5392.08
0.325926 7.86427 7.85919 0.10081 11812.8 0.131691 5296.53
0.273782 7.51815 8.77971 0.0463219 1742.43 0.00282527 5364.12
1.70175 0.31907 0.995692 0.245454 17700.6 0.464321 5309.26
0.287628 7.04152 6.26402 0.0378126 2916.95 0.0081092 5399.18
0.303753 9.62281 4.24353 0.0325893 1261.62 0.000643678 5368.34
0.605754 3.63597 0.353312 0.00656178 10237.8 0.126534 5362.57
0.223615 8.20349 9.95256 0.00181042 2552.09 0.00514111 5352.97
0.562747 6.17439 7.14371 0.0261334 2103.84 0.000496484 5352.98
0.546911 4.14348 3.22093 0.10883 6908.31 0.0861309 5351.65
0.248018 3.27401 2.03664 0.0527379 4947.25 0.0124849 5321.46
0.355523 8.31356 1.35809 0.125776 5788.08 0.0293842 5366.69
0.350059 5.96407 4.41927 0.0327375 2034.49 0.00168829 5398.03
1.79924 0.585305 0.362642 0.887139 4820.6 0.0142318 5347.68
0.28843 6.91472 7.28121 0.0790278 6433.36 0.00362754 5378.94
0.847075 3.62684 3.21257 0.45154 5901.56 0.0163088 5380.17
2.17758 5.36355 0.973178 0.0526912 2474.8 0.00165314 5395.12
0.409419 3.66174 7.27443 0.0499522 6983.61 0.0315955 5368.17
0.419345 2.90463 9.74587 0.0955066 5149.8 0.0164032 5346.69
0.655283 1.79007 7.36079 0.019869 3757.66 0.0170703 5379.58
0.463908 4.42074 3.31449 0.222091 6467.45 0.0249492 5332.96
2.42408 0.10606 0.158464 1.55476 10058.7 0.0537565 5412.67
0.302766 8.06384 8.66478 0.0300632 1122.87 0.000269296 5401.64
1.4148 0.874812 1.65875 0.172765 4699.07 0.00734833 5384.15
1.04877 5.83291 3.59631 0.0785625 1273.35 0.000513923 5376.82
1.15627 1.62854 2.37425 0.312964 7122.58 0.0331666 5339.04
0.430877 2.88031 2.82114 0.0743781 6934.59 0.0379422 5370.12
0.367453 5.0472 5.09118 0.0980459 6371.83 0.0696993 5383.13
0.207645 3.94943 7.68856 0.00619031 7672.17 0.0379544 5399.29
0.372742 6.89007 2.94343 0.127358 6369.87 0.00354783 5346.07
0.436959 0.29555 0.820964 0.434482 15277.6 0.0940427 5361.21
0.411066 2.37258 9.36892 0.00111153 1661.99 0.0042043 5357.62
0.668209 5.44164 8.12799 0.0904451 2590 0.00226771 5333.06
0.763048 0.898573 0.58084 0.263128 10418.8 0.0553203 5338.84
